1.816099670410156250e+03 1.866411541399954501e+02 6.607044359157837610e-01
1.816120544433593750e+03 1.868566118728783465e+02 6.601734723434775631e-01
1.816141357421875000e+03 1.869560440045027292e+02 6.603420379863438328e-01
1.816162170410156250e+03 1.866142015955434488e+02 6.601788895014876202e-01
1.816183044433593750e+03 1.868525988717649113e+02 6.619645356953239856e-01
1.816203857421875000e+03 1.862185926227463995e+02 6.793302276653893079e-01
1.816224670410156250e+03 1.869274116534027428e+02 6.621865646694142793e-01
1.816245544433593750e+03 1.871868333796297179e+02 6.600205998746060398e-01
1.816266357421875000e+03 1.862502097880945939e+02 6.600352520631488362e-01
1.816287170410156250e+03 1.875029830558068511e+02 6.612228264660685584e-01
1.816308044433593750e+03 1.873955252603433053e+02 6.602004222650688092e-01
1.816328857421875000e+03 1.865484024433885963e+02 6.601773546445643959e-01
1.816349670410156250e+03 1.860844911015407206e+02 6.597493288818044865e-01
1.816370544433593750e+03 1.866510124851831733e+02 6.683046712064535377e-01
1.816391418457031250e+03 1.862727360502312592e+02 6.595621087600789245e-01
1.816412231445312500e+03 1.864385549800923059e+02 6.611138570708015028e-01
1.816433044433593750e+03 1.863773642039474225e+02 6.607249366792843359e-01
1.816453918457031250e+03 1.863727682784166575e+02 6.601420745230552889e-01
1.816474731445312500e+03 1.861197366820498473e+02 6.627469664122556114e-01
1.816495544433593750e+03 1.866835289234182369e+02 6.612160206304862342e-01
1.816516418457031250e+03 1.866692999973377027e+02 6.648600109007919423e-01
1.816537231445312500e+03 1.869175560409680941e+02 6.755480060587776281e-01
1.816558044433593750e+03 1.873892101924857627e+02 6.610940671129758028e-01
1.816578918457031250e+03 1.862994386870757637e+02 6.600019963190925099e-01
1.816599731445312500e+03 1.862681932998379750e+02 6.616770590447274003e-01
1.816620544433593750e+03 1.868575853103110944e+02 6.620839882093791928e-01
1.816641418457031250e+03 1.863408368719738064e+02 6.596481128248394832e-01
1.816662231445312500e+03 1.861293333716517111e+02 6.596451309960659204e-01
1.816683044433593750e+03 1.867876907220724831e+02 6.779875708343789942e-01
1.816703918457031250e+03 1.868845838252594547e+02 6.600638104788694172e-01
1.816724731445312500e+03 1.865356135904794144e+02 6.596297020758132845e-01
1.816745544433593750e+03 1.867781929316028595e+02 6.609755178208485127e-01
1.816766418457031250e+03 1.869317948988661442e+02 6.613096059965344331e-01
1.816787231445312500e+03 1.866500622152317419e+02 6.613830363351883568e-01
1.816808044433593750e+03 1.870436134102053813e+02 6.607716192128615385e-01
1.816828918457031250e+03 1.864101053195054760e+02 6.609861360515690842e-01
1.816849731445312500e+03 1.866209259334963804e+02 6.615622631535671427e-01
1.816870544433593750e+03 1.860866267383167383e+02 6.597159006139367010e-01
1.816891418457031250e+03 1.869318751154637539e+02 6.606731986559519765e-01
1.816912231445312500e+03 1.868502609511840831e+02 6.629812750710946112e-01
1.816933044433593750e+03 1.867540270958753865e+02 6.611168998933202312e-01
1.816953918457031250e+03 1.865687416300590371e+02 6.790339956607702732e-01
1.816974731445312500e+03 1.869623148808029782e+02 6.606141257496342956e-01
1.816995544433593750e+03 1.869185527204746791e+02 6.612691358382631890e-01
1.817016418457031250e+03 1.866963261021110725e+02 6.624728980008982582e-01
1.817037231445312500e+03 1.867374894146593078e+02 6.627693150690523449e-01
1.817058044433593750e+03 1.867177628372958225e+02 6.606386216851589666e-01
1.817078918457031250e+03 1.868749274743650517e+02 6.618624426467312194e-01
1.817099731445312500e+03 1.870055310902915835e+02 6.602796856750938748e-01
1.817120544433593750e+03 1.863357558703305017e+02 6.624362555012663911e-01
1.817141418457031250e+03 1.861349680432048501e+02 6.613859427380817113e-01
1.817162231445312500e+03 1.866578173010700255e+02 6.647120720787628168e-01
1.817183044433593750e+03 1.873217001179159240e+02 6.613253337082424244e-01
1.817203918457031250e+03 1.864670631148088660e+02 6.602209161089213074e-01
1.817224731445312500e+03 1.872290417298007128e+02 6.614243330940355881e-01
1.817245544433593750e+03 1.866309252840759143e+02 6.617229538100563024e-01
1.817266418457031250e+03 1.874921308386395538e+02 6.796986370708881786e-01
1.817287231445312500e+03 1.867130964962495625e+02 6.627894596913563863e-01
1.817308044433593750e+03 1.866016960674955385e+02 6.602242564548932435e-01
1.817328918457031250e+03 1.873229774404530019e+02 6.626434422797636836e-01
1.817349731445312500e+03 1.867939838254840765e+02 6.602473224367493287e-01
1.817370544433593750e+03 1.870230732306967809e+02 6.631314651073431099e-01
1.817391418457031250e+03 1.871043723953311257e+02 6.612009438776824677e-01
1.817412231445312500e+03 1.867078831463754511e+02 6.610895365267671631e-01
1.817433044433593750e+03 1.874850266945296084e+02 6.604701317365933022e-01
1.817453918457031250e+03 1.865751712744999224e+02 6.623331327638032340e-01
1.817474731445312500e+03 1.867450705536311943e+02 6.635005368271519322e-01
1.817495544433593750e+03 1.873923951863821742e+02 6.612561334855545647e-01
1.817516418457031250e+03 1.869938271649639603e+02 6.655089165199858936e-01
1.817537231445312500e+03 1.863655095078144939e+02 6.614035385944997403e-01
1.817558044433593750e+03 1.867631978885181923e+02 6.613979962881794128e-01
1.817578918457031250e+03 1.864846792933294637e+02 6.617190130203967069e-01
1.817599731445312500e+03 1.865166984966099903e+02 6.611220839290604667e-01
1.817620544433593750e+03 1.866280941611225046e+02 6.599903688306048011e-01
1.817641418457031250e+03 1.867315483791929864e+02 6.600372161992928977e-01
1.817662231445312500e+03 1.869621233216812470e+02 6.600425893234772579e-01
1.817683044433593750e+03 1.865898777590439579e+02 6.608247250416784402e-01
1.817703918457031250e+03 1.871609420571282669e+02 6.636174225093451895e-01
1.817724731445312500e+03 1.867869830181137445e+02 6.604694774543360403e-01
1.817745544433593750e+03 1.862986056231447662e+02 6.630394403843814510e-01
1.817766418457031250e+03 1.860819952430995272e+02 6.623282956792654330e-01
1.817787231445312500e+03 1.864289189047193531e+02 6.803004252633051419e-01
1.817808044433593750e+03 1.871730921467758151e+02 6.605292626395374844e-01
1.817828918457031250e+03 1.863931106981460459e+02 6.754751228704291011e-01
1.817849731445312500e+03 1.864470816034898917e+02 6.606562148905654741e-01
1.817870544433593750e+03 1.866495279999228671e+02 6.667307708636384112e-01
1.817891418457031250e+03 1.876928722625343084e+02 6.614502182910768635e-01
1.817912231445312500e+03 1.862735610330164775e+02 6.602528744020764728e-01
1.817933044433593750e+03 1.868092524173401046e+02 6.603970511699300827e-01
1.817953918457031250e+03 1.867003612605318210e+02 6.777024934948804313e-01
1.817974731445312500e+03 1.868835042504430533e+02 6.621686295632989161e-01
1.817995544433593750e+03 1.864016928189676605e+02 6.617023938892513391e-01
1.818016418457031250e+03 1.874531487037920954e+02 6.625862092481987764e-01
1.818037231445312500e+03 1.873845131362150767e+02 6.610212358679115052e-01
1.818058044433593750e+03 1.877569524738048869e+02 6.609222211943053260e-01
1.818078918457031250e+03 1.871598498669648052e+02 6.731843388435135855e-01
1.818099731445312500e+03 1.869399926279709803e+02 6.640567779294487272e-01
1.818120544433593750e+03 1.862784887238202600e+02 6.608500474649686707e-01
1.818141418457031250e+03 1.867464673527606749e+02 6.607575922474608898e-01
1.818162231445312500e+03 1.877833885475074283e+02 6.623708608108889173e-01
1.818183044433593750e+03 1.873781026033768171e+02 6.607341155828538870e-01
1.818203918457031250e+03 1.863157574028155636e+02 6.621840668355705173e-01
1.818224731445312500e+03 1.873202634049060578e+02 6.612433111577212808e-01
1.818245544433593750e+03 1.870309997836315290e+02 6.614283882832060479e-01
1.818266418457031250e+03 1.860558494324942274e+02 6.607471056559774958e-01
1.818287231445312500e+03 1.871735090844523768e+02 6.628990078397730690e-01
1.818308044433593750e+03 1.866880560127463582e+02 6.618107034866168581e-01
1.818328918457031250e+03 1.859162733689410345e+02 6.602160861193191455e-01
1.818349731445312500e+03 1.868342194530684424e+02 6.643450865017708207e-01
1.818370544433593750e+03 1.870105900256157554e+02 6.613453645932062530e-01
1.818391418457031250e+03 1.869970641672739475e+02 6.618580749192037871e-01
1.818412231445312500e+03 1.865153659389929430e+02 6.603170571483633067e-01
1.818433044433593750e+03 1.863204522169761219e+02 6.616670599591153445e-01
1.818453918457031250e+03 1.860216905951005799e+02 6.626275209739812544e-01
1.818474731445312500e+03 1.863298382212711886e+02 6.615955756076978833e-01
1.818495544433593750e+03 1.865835762008518657e+02 6.604136128961696217e-01
1.818516418457031250e+03 1.865069302814518437e+02 6.615338820519029994e-01
1.818537231445312500e+03 1.866036299217365126e+02 6.625443101855826855e-01
1.818558044433593750e+03 1.861874367046204384e+02 6.617890655017171220e-01
1.818578918457031250e+03 1.871100099136350821e+02 6.664878088715424642e-01
1.818599731445312500e+03 1.872484175881843953e+02 6.619417096417362645e-01
1.818620544433593750e+03 1.867727657949382092e+02 6.615667454543228132e-01
1.818641418457031250e+03 1.871830925626378530e+02 6.620151373941938200e-01
1.818662231445312500e+03 1.872402384713466006e+02 6.622464648534384102e-01
1.818683044433593750e+03 1.869023274126293757e+02 6.611865654284385663e-01
1.818703918457031250e+03 1.862744026309835874e+02 6.609045899767281851e-01
1.818724731445312500e+03 1.867442356235043235e+02 6.604963476165235381e-01
1.818745544433593750e+03 1.865852899946475532e+02 6.605779440874813835e-01
1.818766418457031250e+03 1.868755183885699864e+02 6.707890628241521824e-01
1.818787231445312500e+03 1.866951292524275061e+02 6.608548051762014319e-01
1.818808044433593750e+03 1.859879479127332331e+02 6.624667573182044800e-01
1.818828918457031250e+03 1.869166884980645307e+02 6.612932019101612768e-01
1.818849731445312500e+03 1.869362947776405122e+02 6.612027918688592187e-01
1.818870544433593750e+03 1.869854084874289697e+02 6.619359242151546807e-01
1.818891418457031250e+03 1.870274220139813792e+02 6.609679429278069174e-01
1.818912231445312500e+03 1.869814992692868145e+02 6.603130177009745028e-01
1.818933044433593750e+03 1.869838842127772125e+02 6.615409774414683364e-01
1.818953918457031250e+03 1.872163577034441175e+02 6.617646121511205903e-01
1.818974731445312500e+03 1.873208327296713662e+02 6.608771050818120774e-01
1.818995544433593750e+03 1.859553054462655837e+02 6.617717726180547544e-01
1.819016418457031250e+03 1.872871896719687186e+02 6.607443092034734899e-01
1.819037231445312500e+03 1.874489054320775949e+02 6.647022307377298267e-01
1.819058044433593750e+03 1.876919171425103912e+02 6.698647077096832048e-01
1.819078918457031250e+03 1.866836846660873448e+02 6.629213738489136976e-01
1.819099731445312500e+03 1.866808297056355457e+02 6.635636194770671015e-01
1.819120544433593750e+03 1.867982290029845274e+02 6.622886752524731468e-01
1.819141418457031250e+03 1.868198002608887691e+02 6.629155969721013397e-01
1.819162231445312500e+03 1.863594638904310159e+02 6.604253683108605166e-01
1.819183044433593750e+03 1.868908741335612547e+02 6.607878783933830436e-01
1.819203918457031250e+03 1.866455687218452226e+02 6.611150516620527551e-01
1.819224731445312500e+03 1.872854191535876964e+02 6.608023106179007344e-01
1.819245544433593750e+03 1.864299437317192201e+02 6.629681040095181110e-01
1.819266418457031250e+03 1.868892248913158767e+02 6.613455899090465717e-01
1.819287231445312500e+03 1.868526382440098530e+02 6.603450166681907874e-01
1.819308044433593750e+03 1.864970604839464272e+02 6.643296545851635759e-01
1.819328918457031250e+03 1.865954151201839011e+02 6.629121802741858582e-01
1.819349731445312500e+03 1.865573568972925500e+02 6.685790904185969774e-01
1.819370544433593750e+03 1.869913389915686821e+02 6.618878829610009840e-01
1.819391418457031250e+03 1.863044678361296462e+02 6.610476327677583530e-01
1.819412231445312500e+03 1.869482309728521159e+02 6.617495929326216997e-01
1.819433044433593750e+03 1.870915969697194043e+02 6.604685749949865681e-01
1.819453918457031250e+03 1.866503188413300052e+02 6.649016743942821606e-01
1.819474731445312500e+03 1.865152844790131326e+02 6.637316833454447451e-01
1.819495544433593750e+03 1.864475451565203059e+02 6.633490376155029011e-01
1.819516418457031250e+03 1.865549713166925301e+02 6.607384005310344977e-01
1.819537231445312500e+03 1.865905036218297255e+02 6.607002635152737779e-01
1.819558044433593750e+03 1.868860869257017612e+02 6.614489567209699272e-01
1.819578918457031250e+03 1.864446592822540936e+02 6.619842546108913872e-01
1.819599731445312500e+03 1.869472102340123740e+02 6.615985035998731556e-01
1.819620544433593750e+03 1.867947436913206047e+02 6.608561806218814505e-01
1.819641418457031250e+03 1.866290142421344456e+02 6.607074129638240700e-01
1.819662231445312500e+03 1.872086911342038889e+02 6.646060289993980241e-01
1.819683044433593750e+03 1.875130396349123600e+02 6.608322339291304859e-01
1.819703918457031250e+03 1.870964042089349277e+02 6.641163748036204018e-01
1.819724731445312500e+03 1.870443459274418387e+02 6.604706732110747769e-01
1.819745544433593750e+03 1.865601878640800351e+02 6.621476333952646121e-01
1.819766418457031250e+03 1.860444946289062500e+02 6.601547602348898369e-01
1.819787231445312500e+03 1.867724536432930904e+02 6.602987553203613080e-01
1.819808044433593750e+03 1.867739716928289511e+02 6.608716936470675485e-01
1.819828918457031250e+03 1.866060034311528568e+02 6.614944393085706587e-01
1.819849731445312500e+03 1.870959324342994705e+02 6.719906286057338862e-01
1.819870544433593750e+03 1.868011468570775833e+02 6.620372631672332142e-01
1.819891418457031250e+03 1.866650549235689880e+02 6.606304113622968321e-01
1.819912231445312500e+03 1.873483232639026994e+02 6.735365305794324131e-01
1.819933044433593750e+03 1.867237721920380409e+02 6.602246175723643917e-01
1.819953918457031250e+03 1.868902401568762741e+02 6.617323665726679849e-01
1.819974731445312500e+03 1.866851161908449512e+02 6.609402803042396801e-01
1.819995544433593750e+03 1.874266906886230970e+02 6.624848867887789261e-01
1.820016418457031250e+03 1.867807631431136883e+02 6.636126621498421585e-01
1.820037231445312500e+03 1.870486463915079582e+02 6.611567032299461300e-01
1.820058044433593750e+03 1.863189794469591334e+02 6.643534976425884420e-01
1.820078918457031250e+03 1.870714471345987135e+02 6.622282838526206694e-01
1.820099731445312500e+03 1.868887083498463824e+02 6.609603679479536531e-01
1.820120544433593750e+03 1.863387683773154038e+02 6.619663140234511856e-01
1.820141418457031250e+03 1.873259744640866131e+02 6.614950249975749541e-01
1.820162231445312500e+03 1.871906664425608824e+02 6.636905750606120202e-01
1.820183044433593750e+03 1.877116118738469197e+02 6.621950257302589016e-01
1.820203918457031250e+03 1.870858588535063234e+02 6.625874011849186562e-01
1.820224731445312500e+03 1.867728759803009950e+02 6.611941378168570971e-01
1.820245544433593750e+03 1.865894398239186387e+02 6.603524181830913165e-01
1.820266418457031250e+03 1.866660990601089054e+02 6.619028990415650737e-01
1.820287231445312500e+03 1.873007077991649965e+02 6.620433403101378955e-01
1.820308044433593750e+03 1.864221870763673508e+02 6.607542094941988298e-01
1.820328918457031250e+03 1.872903610729026695e+02 6.610130077545143257e-01
1.820349731445312500e+03 1.866975660982835450e+02 6.606090053978764809e-01
1.820370544433593750e+03 1.868231692254543077e+02 6.616012513961281316e-01
1.820391418457031250e+03 1.860901479115042321e+02 6.610722478851343009e-01
1.820412231445312500e+03 1.865117567507988952e+02 6.605790945324303554e-01
1.820433044433593750e+03 1.868553890923423921e+02 6.606133588272283808e-01
1.820453918457031250e+03 1.867535533101567751e+02 6.611552157191331602e-01
1.820474731445312500e+03 1.864114221539053915e+02 6.655875477529843431e-01
1.820495544433593750e+03 1.865591945064208232e+02 6.758820342834958028e-01
1.820516418457031250e+03 1.868166529742439081e+02 6.607187346452253474e-01
1.820537231445312500e+03 1.869346250604762929e+02 6.610328001390899377e-01
1.820558044433593750e+03 1.868014367210436433e+02 6.619086847568038667e-01
1.820578918457031250e+03 1.859571256395930448e+02 6.604873007738225610e-01
1.820599731445312500e+03 1.864026732620066582e+02 6.624075744143440581e-01
1.820620544433593750e+03 1.875477306486523901e+02 6.637511252628996994e-01
1.820641418457031250e+03 1.867482770742345792e+02 6.686259600321691199e-01
1.820662231445312500e+03 1.861126413122260601e+02 6.603828582974858863e-01
1.820683044433593750e+03 1.870737562189822256e+02 6.629780609965860716e-01
1.820703918457031250e+03 1.874444133662442482e+02 6.620610312308087275e-01
1.820724731445312500e+03 1.862941014519526277e+02 6.610494361041752143e-01
1.820745544433593750e+03 1.867438884579304670e+02 6.613252661114280562e-01
1.820766418457031250e+03 1.872783813440273946e+02 6.622591552562359096e-01
1.820787231445312500e+03 1.861210743806134928e+02 6.611597458552762596e-01
1.820808044433593750e+03 1.866610515769573908e+02 6.611498516371951961e-01
1.820828918457031250e+03 1.867894043281718552e+02 6.604986262281917764e-01
1.820849731445312500e+03 1.867616187318341474e+02 6.606736723005216527e-01
1.820870544433593750e+03 1.859882088053764164e+02 6.637106019161180814e-01
1.820891418457031250e+03 1.866484684638151634e+02 6.622946825905771107e-01
1.820912231445312500e+03 1.864927958541640862e+02 6.624265378132638826e-01
1.820933044433593750e+03 1.868429579055853935e+02 6.610167047825199482e-01
1.820953918457031250e+03 1.871058615557402902e+02 6.613624658472940787e-01
1.820974731445312500e+03 1.862005378798244237e+02 6.609318257261874718e-01
1.820995544433593750e+03 1.865905584923445986e+02 6.657547425814891451e-01
1.821016418457031250e+03 1.867690852040984737e+02 6.642628984444464146e-01
1.821037231445312500e+03 1.867835185181883446e+02 6.616860671005811989e-01
1.821058044433593750e+03 1.867739303516824521e+02 6.626822319954664975e-01
1.821078918457031250e+03 1.861016148248912998e+02 6.602684241702986290e-01
1.821099731445312500e+03 1.867457711792831390e+02 6.650349397013359809e-01
1.821120544433593750e+03 1.861694213230088906e+02 6.602334423191758006e-01
1.821162231445312500e+03 1.872698265803846596e+02 6.724692090157584623e-01
1.821183044433593750e+03 1.870401643897499753e+02 6.630217980444982340e-01
1.821203918457031250e+03 1.869437418295068767e+02 6.630142240551968325e-01
1.821224731445312500e+03 1.865482166271293352e+02 6.632303521675102509e-01
1.821245544433593750e+03 1.870779324174483520e+02 6.616575111417138944e-01
1.821266418457031250e+03 1.871198683275101473e+02 6.629806232670342192e-01
1.821287231445312500e+03 1.863312967198236265e+02 6.608672066321557015e-01
1.821308044433593750e+03 1.871506163136743339e+02 6.606268249529819725e-01
1.821328918457031250e+03 1.869355866045259802e+02 6.618161297589733039e-01
1.821349731445312500e+03 1.867588792538319638e+02 6.618419996325176635e-01
1.821370544433593750e+03 1.866221349787727206e+02 6.613293895044647375e-01
1.821391418457031250e+03 1.866710460923137305e+02 6.606528767286309334e-01
1.821412231445312500e+03 1.864669956365319763e+02 6.620026223874084792e-01
1.821433044433593750e+03 1.864336540943572800e+02 6.616644250397781812e-01
1.821453918457031250e+03 1.864107931760094914e+02 6.605998924269720352e-01
1.821474731445312500e+03 1.861180765672788482e+02 6.608003487558922195e-01
1.821495544433593750e+03 1.867471262015465641e+02 6.620855861655099428e-01
1.821516418457031250e+03 1.866998630097306773e+02 6.636192188625475996e-01
1.821537231445312500e+03 1.868913697550121924e+02 6.606579516303068278e-01
1.821558044433593750e+03 1.868557557275480292e+02 6.640972577142812971e-01
1.821578918457031250e+03 1.868152247756708562e+02 6.607091495689861871e-01
1.821599731445312500e+03 1.869233239662592609e+02 6.604763361050943749e-01
1.821620544433593750e+03 1.866612479690310238e+02 6.620471441230515453e-01
1.821641418457031250e+03 1.863794892375819927e+02 6.623340326826104851e-01
1.821662231445312500e+03 1.867168950995415173e+02 6.631507898002269030e-01
1.821683044433593750e+03 1.879345359469645302e+02 6.634466120147618495e-01
1.821703918457031250e+03 1.865654592737097630e+02 6.605154786862699190e-01
1.821724731445312500e+03 1.867170382422264936e+02 6.608026714194751294e-01
1.821745544433593750e+03 1.870531387197875119e+02 6.616251477331980269e-01
1.821766418457031250e+03 1.860524585648117863e+02 6.608831928929356225e-01
1.821787231445312500e+03 1.864842674532991680e+02 6.606321256139600084e-01
1.821808044433593750e+03 1.872001334517846942e+02 6.637343774095660898e-01
1.821828918457031250e+03 1.868884660219511602e+02 6.610220023170955139e-01
1.821849731445312500e+03 1.869414404598487920e+02 6.614767332346342954e-01
1.821870544433593750e+03 1.872625188446883158e+02 6.733242860231879456e-01
1.821891418457031250e+03 1.865213662357381850e+02 6.612627586330925844e-01
1.821912231445312500e+03 1.863920075135823993e+02 6.619760384674553411e-01
1.821933044433593750e+03 1.869608184187127051e+02 6.607265379222586610e-01
1.821953918457031250e+03 1.863908692885772496e+02 6.630446318625204949e-01
1.821974731445312500e+03 1.870670632097965438e+02 6.616244945931392119e-01
1.821995544433593750e+03 1.867589179047335222e+02 6.618292336855299274e-01
1.822016418457031250e+03 1.867230916381334680e+02 6.613090652089643751e-01
1.822037231445312500e+03 1.867942764003939828e+02 6.612297899803021295e-01
1.822058044433593750e+03 1.866062622018155537e+02 6.611320461792780101e-01
1.822078918457031250e+03 1.867423160134121076e+02 6.628314781439569314e-01
1.822099731445312500e+03 1.860823383529089199e+02 6.617977568064715710e-01
1.822120544433593750e+03 1.865955951199336482e+02 6.615943818840925861e-01
1.822141418457031250e+03 1.868916820407552564e+02 6.621709474274323215e-01
1.822162231445312500e+03 1.861521922867881074e+02 6.606426816972216232e-01
1.822183044433593750e+03 1.869757981467460866e+02 6.608833056296498087e-01
1.822203918457031250e+03 1.864791724728332554e+02 6.642842315292509792e-01
1.822224731445312500e+03 1.867438091421547313e+02 6.625431181713405948e-01
1.822245544433593750e+03 1.870784824178367387e+02 6.620986397472145013e-01
1.822266418457031250e+03 1.872405021285863427e+02 6.621060891759129596e-01
1.822287231445312500e+03 1.867834829496439681e+02 6.623466539150544286e-01
1.822308044433593750e+03 1.864277575227373234e+02 6.632534259401392518e-01
1.822328918457031250e+03 1.867552940428803083e+02 6.611243378449641606e-01
1.822349731445312500e+03 1.864176926440273121e+02 6.751682169020775115e-01
1.822370544433593750e+03 1.864917476526415783e+02 6.625785178313897683e-01
1.822391418457031250e+03 1.866949814812052466e+02 6.653018605827049070e-01
1.822412231445312500e+03 1.870749058333471169e+02 6.655415836414499964e-01
1.822433044433593750e+03 1.865487496188665375e+02 6.604371009537375325e-01
1.822453918457031250e+03 1.875100002026073014e+02 6.672919341281430272e-01
1.822474731445312500e+03 1.867293388311157116e+02 6.609663422696552271e-01
1.822495544433593750e+03 1.872229128813383170e+02 6.613748127229230889e-01
1.822516418457031250e+03 1.870486647449992574e+02 6.612682344702396353e-01
1.822537231445312500e+03 1.870212958159512198e+02 6.614377601808297813e-01
1.822558044433593750e+03 1.860676335504883809e+02 6.612727638321328483e-01
1.822578918457031250e+03 1.866769292683246135e+02 6.608191102322445998e-01
1.822599731445312500e+03 1.866941083041549234e+02 6.721745643807549575e-01
1.822620544433593750e+03 1.873537698684871202e+02 6.631033983586188674e-01
1.822641418457031250e+03 1.862688941880196865e+02 6.611582132753786034e-01
1.822662231445312500e+03 1.869149465055686790e+02 6.632432933501363204e-01
1.822683044433593750e+03 1.870004105531931202e+02 6.639165830178406225e-01
1.822703918457031250e+03 1.869851527021915558e+02 6.668340626801374516e-01
1.822724731445312500e+03 1.875243138336934123e+02 6.609539877636404492e-01
1.822745544433593750e+03 1.866417105456476122e+02 6.642632573663660445e-01
1.822766418457031250e+03 1.868149271744109399e+02 6.610869218459693997e-01
1.822787231445312500e+03 1.864475816866203388e+02 6.604139739100998163e-01
1.822808044433593750e+03 1.867143492189662481e+02 6.615503477440900504e-01
1.822828918457031250e+03 1.866673255639369700e+02 6.701260803219640794e-01
1.822849731445312500e+03 1.871552516636608345e+02 6.609136536537182360e-01
1.822870544433593750e+03 1.868552508454944245e+02 6.618648066109485972e-01
1.822891418457031250e+03 1.862657244905329605e+02 6.625716584516070373e-01
1.822912231445312500e+03 1.866353493691077006e+02 6.634243760178715199e-01
1.822933044433593750e+03 1.862436537548608158e+02 6.680667426079610616e-01
1.822953918457031250e+03 1.869754194238996092e+02 6.620243884431711301e-01
1.822974731445312500e+03 1.863100198605418996e+02 6.622126000882820884e-01
1.822995544433593750e+03 1.862111236222327477e+02 6.611284624911707430e-01
1.823016418457031250e+03 1.866412549189099366e+02 6.676487965059514362e-01
1.823037231445312500e+03 1.863066787657886607e+02 6.606894151506317314e-01
1.823058044433593750e+03 1.862757169677545903e+02 6.614246935563019569e-01
1.823078918457031250e+03 1.871063126507839343e+02 6.676580810878863792e-01
1.823099731445312500e+03 1.872386338141124327e+02 6.611931912730475425e-01
1.823120544433593750e+03 1.867656104627386355e+02 6.650256409039945193e-01
1.823141418457031250e+03 1.870229219967040990e+02 6.620924505810763527e-01
1.823162231445312500e+03 1.866442585090456987e+02 6.621686295632989161e-01
1.823183044433593750e+03 1.867957814768994069e+02 6.622755579165848783e-01
1.823203918457031250e+03 1.869757690480132339e+02 6.617009076051568739e-01
1.823224731445312500e+03 1.867815857412833793e+02 6.619017734101555472e-01
1.823245544433593750e+03 1.865975832046119081e+02 6.615009269116770563e-01
1.823266418457031250e+03 1.867557693850590681e+02 6.619497461231608204e-01
1.823287231445312500e+03 1.866185504946137144e+02 6.604992128002202811e-01
1.823308044433593750e+03 1.867018282640560471e+02 6.604877068691686892e-01
1.823328918457031250e+03 1.871899426724997113e+02 6.626062919711750432e-01
1.823349731445312500e+03 1.867206967678867784e+02 6.612102288543045825e-01
1.823370544433593750e+03 1.872320748023675208e+02 6.638968092708847912e-01
1.823391418457031250e+03 1.865546676724787289e+02 6.624072819733367590e-01
1.823412231445312500e+03 1.869139692035585654e+02 6.608747150369299606e-01
1.823433044433593750e+03 1.874010961586806161e+02 6.617661208094012260e-01
1.823453918457031250e+03 1.865429790904217100e+02 6.620467389842545902e-01
1.823474731445312500e+03 1.865526006566481385e+02 6.611934842510381882e-01
1.823495544433593750e+03 1.867261328199158754e+02 6.622180230674625800e-01
1.823516418457031250e+03 1.865755912273114632e+02 6.647436127070661671e-01
1.823537231445312500e+03 1.862888553354157466e+02 6.611312573187834163e-01
1.823558044433593750e+03 1.865552055734583234e+02 6.615501675472144072e-01
1.823578918457031250e+03 1.868968872706415993e+02 6.610336342015089572e-01
1.823599731445312500e+03 1.864900548111399416e+02 6.610644486888992422e-01
1.823620544433593750e+03 1.874813288148799870e+02 6.619069512987895143e-01
1.823641418457031250e+03 1.873298754562484589e+02 6.628508565434618749e-01
1.823662231445312500e+03 1.870285719284604795e+02 6.610703995290279078e-01
1.823683044433593750e+03 1.867762986749804099e+02 6.628125263305831849e-01
1.823703918457031250e+03 1.867444020832104741e+02 6.626260817410458692e-01
1.823724731445312500e+03 1.871038127026923519e+02 6.627281920587456687e-01
1.823745544433593750e+03 1.867076901897075913e+02 6.624882157195360888e-01
1.823766418457031250e+03 1.858408973472283492e+02 6.617222332102719040e-01
1.823787231445312500e+03 1.862031584569641609e+02 6.704424067531333797e-01
1.823808044433593750e+03 1.866083508351015610e+02 6.603954942560514851e-01
1.823828918457031250e+03 1.867470987981135977e+02 6.607429335249146440e-01
1.823849731445312500e+03 1.861645151121633432e+02 6.602948963005015326e-01
1.823870544433593750e+03 1.866177416557651441e+02 6.618914625373675253e-01
1.823891418457031250e+03 1.856830636700169919e+02 6.601775803590416158e-01
1.823912231445312500e+03 1.865213337536249014e+02 6.623143466795206047e-01
1.823933044433593750e+03 1.873142511495316285e+02 6.623874406742309429e-01
1.823953918457031250e+03 1.876352384332751626e+02 6.672226827310008268e-01
1.823974731445312500e+03 1.866563014138456822e+02 6.741542303480962950e-01
1.823995544433593750e+03 1.871408720660718075e+02 6.605704323094462316e-01
1.824016418457031250e+03 1.869290344725905300e+02 6.607975976292419507e-01
1.824037231445312500e+03 1.864189490626413317e+02 6.647601782230088130e-01
1.824058044433593750e+03 1.871002147666768849e+02 6.609038008447398749e-01
1.824078918457031250e+03 1.865536858995847069e+02 6.611042551834732661e-01
1.824099731445312500e+03 1.868015967423222605e+02 6.610730818977829104e-01
1.824120544433593750e+03 1.870530480936083677e+02 6.637830033870677493e-01
1.824141418457031250e+03 1.868440601493728650e+02 6.606259903769526876e-01
1.824162231445312500e+03 1.858484900470749324e+02 6.624591994767485836e-01
1.824183044433593750e+03 1.863302545447079979e+02 6.611663043555896513e-01
1.824203918457031250e+03 1.864464046450969192e+02 6.625916291695762572e-01
1.824224731445312500e+03 1.865963837303712864e+02 6.603909814414615775e-01
1.824245544433593750e+03 1.864497927964308417e+02 6.608532718891181323e-01
1.824266418457031250e+03 1.870291735138232525e+02 6.662103586409667821e-01
1.824287231445312500e+03 1.865234056564001719e+02 6.608399682194956437e-01
1.824308044433593750e+03 1.871207578735137531e+02 6.608451093303546742e-01
1.824328918457031250e+03 1.865195468797328715e+02 6.604154179638470623e-01
1.824349731445312500e+03 1.868145741843303824e+02 6.621084747758445577e-01
1.824370544433593750e+03 1.868438633742809145e+02 6.608095717116735379e-01
1.824391418457031250e+03 1.869762289330739691e+02 6.615015801737417211e-01
1.824412231445312500e+03 1.868294566479361549e+02 6.610514423101583326e-01
1.824433044433593750e+03 1.866867644895340277e+02 6.607377014098073653e-01
1.824453918457031250e+03 1.862300353839821980e+02 6.601963143916366183e-01
1.824474731445312500e+03 1.867854120222892789e+02 6.611325645728047817e-01
1.824495544433593750e+03 1.871253966104646338e+02 6.612529786300636037e-01
1.824516418457031250e+03 1.871234769365787542e+02 6.624012081693835263e-01
1.824537231445312500e+03 1.867934059830478475e+02 6.624292821747834736e-01
1.824558044433593750e+03 1.871439529573486880e+02 6.610039454398662917e-01
1.824578918457031250e+03 1.870112909868099393e+02 6.629381197637604917e-01
1.824599731445312500e+03 1.874160550128968339e+02 6.625851972247722710e-01
1.824620544433593750e+03 1.873331026001756072e+02 6.618983739916788345e-01
1.824641418457031250e+03 1.870703188738803817e+02 6.612692485091796746e-01
1.824662231445312500e+03 1.868579918769884500e+02 6.627373207329908533e-01
1.824683044433593750e+03 1.869871844022898131e+02 6.609789219855799480e-01
1.824703918457031250e+03 1.866394994027190819e+02 6.616035036796295010e-01
1.824724731445312500e+03 1.861459749481108474e+02 6.623590499359879313e-01
1.824745544433593750e+03 1.866437963240981901e+02 6.602741565033541926e-01
1.824766418457031250e+03 1.869233899388001703e+02 6.609842874546623115e-01
1.824787231445312500e+03 1.867824706537382724e+02 6.615132036253768000e-01
1.824808044433593750e+03 1.872873322695755007e+02 6.791753264228097553e-01
1.824828918457031250e+03 1.870398204286834698e+02 6.618507577853018908e-01
1.824849731445312500e+03 1.867738633003594941e+02 6.605057101786163676e-01
1.824870544433593750e+03 1.869745353771025123e+02 6.629809154551404848e-01
1.824891418457031250e+03 1.867498970742933295e+02 6.624130632831430887e-01
1.824912231445312500e+03 1.867023128876410283e+02 6.615898547240537386e-01
1.824933044433593750e+03 1.862504783531662724e+02 6.605979299638163882e-01
1.824953918457031250e+03 1.867924856070230817e+02 6.652418323217579310e-01
1.824974731445312500e+03 1.864994490707026102e+02 6.629491336248053424e-01
1.824995544433593750e+03 1.865341656021124663e+02 6.607233354324295593e-01
1.825016418457031250e+03 1.866905484992392132e+02 6.614591393253091978e-01
1.825037231445312500e+03 1.868862312010393509e+02 6.609571665910849436e-01
1.825058044433593750e+03 1.867214073017601379e+02 6.608570149072104938e-01
1.825078918457031250e+03 1.864725999379196537e+02 6.629867591902247614e-01
1.825099731445312500e+03 1.863968336956271798e+02 6.609526350664738370e-01
1.825120544433593750e+03 1.861164105713729668e+02 6.612077949410034572e-01
1.825141418457031250e+03 1.871379104591333373e+02 6.624395846764083995e-01
1.825162231445312500e+03 1.871079122667173920e+02 6.614604008759953357e-01
1.825183044433593750e+03 1.868110843517708304e+02 6.623995884789234401e-01
1.825203918457031250e+03 1.865794780426672901e+02 6.689965221545565166e-01
1.825224731445312500e+03 1.867737773770393233e+02 6.622214883504053962e-01
1.825245544433593750e+03 1.866940424091724253e+02 6.644046799426005512e-01
1.825266418457031250e+03 1.867510807283929353e+02 6.608953458000200731e-01
1.825287231445312500e+03 1.871814639620426988e+02 6.625127773132394315e-01
1.825308044433593750e+03 1.867426971019831967e+02 6.614360705456376888e-01
1.825328918457031250e+03 1.868806816019930181e+02 6.611461102769711218e-01
1.825349731445312500e+03 1.862560336523568196e+02 6.607987927922266413e-01
1.825370544433593750e+03 1.864515015719762516e+02 6.620175908480028237e-01
1.825391418457031250e+03 1.863740015382980744e+02 6.606698605798312363e-01
1.825412231445312500e+03 1.867098603695401380e+02 6.611338943630366005e-01
1.825433044433593750e+03 1.872256273088474074e+02 6.627119130271048597e-01
1.825453918457031250e+03 1.868127039610621125e+02 6.621549022404659146e-01
1.825474731445312500e+03 1.864462771325261485e+02 6.639544455186313643e-01
1.825495544433593750e+03 1.873585597500752726e+02 6.621562749855555152e-01
1.825516418457031250e+03 1.873271018951020324e+02 6.787738139715226993e-01
1.825537231445312500e+03 1.873531686015690809e+02 6.618358530961870878e-01
1.825558044433593750e+03 1.871842520166364068e+02 6.637278891865959762e-01
1.825578918457031250e+03 1.874729631305871465e+02 6.622541601267092348e-01
1.825599731445312500e+03 1.865648693976036725e+02 6.631544749102854519e-01
1.825620544433593750e+03 1.866872619382990024e+02 6.607252298649078925e-01
1.825641418457031250e+03 1.865188261450423113e+02 6.604930086466124228e-01
1.825662231445312500e+03 1.854962905825450719e+02 6.598771763798382262e-01
1.825683044433593750e+03 1.864664491575568093e+02 6.607615838740357184e-01
1.825703918457031250e+03 1.860762092218764963e+02 6.609135183758708676e-01
1.825724731445312500e+03 1.872978713033423901e+02 6.674768298481756901e-01
1.825745544433593750e+03 1.875713408963063671e+02 6.631456665644135384e-01
1.825766418457031250e+03 1.860728804418491507e+02 6.610168174964635712e-01
1.825787231445312500e+03 1.863970262590879088e+02 6.625648664711644154e-01
1.825808044433593750e+03 1.864894473553191574e+02 6.625189850444144213e-01
1.825828918457031250e+03 1.872472481872618744e+02 6.625403742813502639e-01
1.825849731445312500e+03 1.869796931998301091e+02 6.630991736370512868e-01
1.825870544433593750e+03 1.866148713586385099e+02 6.618760184405364511e-01
1.825891418457031250e+03 1.869073215635352199e+02 6.748394439623478513e-01
1.825912231445312500e+03 1.868322488908714263e+02 6.616753249798996706e-01
1.825933044433593750e+03 1.863308914758434298e+02 6.656572826598300407e-01
1.825953918457031250e+03 1.860601231635454553e+02 6.638759350964915651e-01
1.825974731445312500e+03 1.875853592938327097e+02 6.621689221097049050e-01
1.825995544433593750e+03 1.867701288826751522e+02 6.628822159781719847e-01
1.826016418457031250e+03 1.866086269070097217e+02 6.619632751054035369e-01
1.826037231445312500e+03 1.866651145873383086e+02 6.616173325322634025e-01
1.826058044433593750e+03 1.868960334944319186e+02 6.623346176291795562e-01
1.826078918457031250e+03 1.863509876012620055e+02 6.636441876685373886e-01
1.826099731445312500e+03 1.872743875060183996e+02 6.727690625376565592e-01
1.826120544433593750e+03 1.866750346999185410e+02 6.634730022560613172e-01
1.826162231445312500e+03 1.864984178329262363e+02 6.627014798462858014e-01
1.826183044433593750e+03 1.871383311940426495e+02 6.630417102564475362e-01
1.826203918457031250e+03 1.865759602966016928e+02 6.639746439541965861e-01
1.826224731445312500e+03 1.866342272891309335e+02 6.621155640079360305e-01
1.826245544433593750e+03 1.868325994330072604e+02 6.639414508669351234e-01
1.826266418457031250e+03 1.867504077946689449e+02 6.748847306693402937e-01
1.826287231445312500e+03 1.870676748524586799e+02 6.636333425201899061e-01
1.826308044433593750e+03 1.871827649117368537e+02 6.770640639473067823e-01
1.826328918457031250e+03 1.866374314019982705e+02 6.678397070733905760e-01
1.826349731445312500e+03 1.867142456795494923e+02 6.630976230675958982e-01
1.826370544433593750e+03 1.866290329837326567e+02 6.637806911520928166e-01
1.826391418457031250e+03 1.869532113767701276e+02 6.654328064303787205e-01
1.826412231445312500e+03 1.865336909452896634e+02 6.635617556043654774e-01
1.826433044433593750e+03 1.869175358267462741e+02 6.645263398305463198e-01
1.826453857421875000e+03 1.862516339506588849e+02 6.633525419169706838e-01
1.826474670410156250e+03 1.861619562298634776e+02 6.637031929480735615e-01
1.826495544433593750e+03 1.870109741345102918e+02 6.658441317195499254e-01
1.826516357421875000e+03 1.864822492269047416e+02 6.648933374221700499e-01
1.826537170410156250e+03 1.873856030555582208e+02 6.675458539793301949e-01
1.826558044433593750e+03 1.865982457919928095e+02 6.669100575406986531e-01
1.826578857421875000e+03 1.869661410058261310e+02 6.659401546015429885e-01
1.826599670410156250e+03 1.872003940569303495e+02 6.665177899266542250e-01
1.826620544433593750e+03 1.862995147710631159e+02 6.782928716072111897e-01
1.826641357421875000e+03 1.863869207795258944e+02 6.671578912172942966e-01
1.826662170410156250e+03 1.864965335121467263e+02 6.665902665190157617e-01
1.826683044433593750e+03 1.869544906664116581e+02 6.681836769594796666e-01
1.826703857421875000e+03 1.861943176836634564e+02 6.680223989971481036e-01
1.826724670410156250e+03 1.872498213816710404e+02 6.686937736333168347e-01
1.826745544433593750e+03 1.868969590908533576e+02 6.878103509407491600e-01
1.826766357421875000e+03 1.866445658725405110e+02 6.692566307332189490e-01
1.826787170410156250e+03 1.863578509862119859e+02 6.708822234525210204e-01
1.826808044433593750e+03 1.866851797163669460e+02 6.725935974361965108e-01
1.826828857421875000e+03 1.871941372092694849e+02 6.700147336435851031e-01
1.826849670410156250e+03 1.866689589078118559e+02 6.704259594126461552e-01
1.826870544433593750e+03 1.871421394330920975e+02 6.700928806220483036e-01
1.826891357421875000e+03 1.864301036675967680e+02 6.694638212740420258e-01
1.826912170410156250e+03 1.869114779330442104e+02 6.720131576788325178e-01
1.826933044433593750e+03 1.865489798820582337e+02 6.717719952780344395e-01
1.826953857421875000e+03 1.868990020341294667e+02 6.718055556138279316e-01
1.826974670410156250e+03 1.873365048044433934e+02 6.739675405267452346e-01
1.826995544433593750e+03 1.873442432455528888e+02 6.743921545355194835e-01
1.827016357421875000e+03 1.870411406600389626e+02 6.760492399836770527e-01
1.827037170410156250e+03 1.874083213090897573e+02 6.874380083745523784e-01
1.827058044433593750e+03 1.873280082266105353e+02 6.783186183461243912e-01
1.829266357421875000e+03 1.866790860743813028e+02 6.812927101465859892e-01
1.829287170410156250e+03 1.861875556421859415e+02 6.815799369138166863e-01
1.829308044433593750e+03 1.875252660686439583e+02 6.837392379708805423e-01
1.829328857421875000e+03 1.868881031122444654e+02 6.918417857329302034e-01
1.829349670410156250e+03 1.866759127605118067e+02 6.855551564295139233e-01
1.829370544433593750e+03 1.866983411318934714e+02 6.925942941360666572e-01
1.829391357421875000e+03 1.870897549766312693e+02 6.834551643492380313e-01
1.829412170410156250e+03 1.864991191266490205e+02 6.844109800103970187e-01
1.829433044433593750e+03 1.868536301294389830e+02 6.840651712239104176e-01
1.829453857421875000e+03 1.866897692753782394e+02 6.849184117143160000e-01
1.829474670410156250e+03 1.861871296111270055e+02 6.861507223404977873e-01
1.829495544433593750e+03 1.867652738289773424e+02 6.849619660643073704e-01
1.829516357421875000e+03 1.861664987957516644e+02 6.878293072364144445e-01
1.829537170410156250e+03 1.865100872603666460e+02 6.889933925583130447e-01
1.829558044433593750e+03 1.873240372100300419e+02 6.864185280226027253e-01
1.829578857421875000e+03 1.869140526177214099e+02 6.918610838650987027e-01
1.829599670410156250e+03 1.876062199046018577e+02 6.887162893668388186e-01
1.829620544433593750e+03 1.881326458428517014e+02 6.903324733208727748e-01
1.829641357421875000e+03 1.867836265259189474e+02 6.897760558908592188e-01
1.829662170410156250e+03 1.867015085336676634e+02 6.912970591387225250e-01
1.829683044433593750e+03 1.875639120105176687e+02 6.890223727144229038e-01
1.829703857421875000e+03 1.868888600428325617e+02 6.980319046609700928e-01
1.829724670410156250e+03 1.868722275626299165e+02 6.909050930157922821e-01
1.829745544433593750e+03 1.866052765973194880e+02 7.058871375125127523e-01
1.829766357421875000e+03 1.865253188290504625e+02 6.929881001795288320e-01
1.829787170410156250e+03 1.872786087442538303e+02 6.886496035587534870e-01
1.829808044433593750e+03 1.870046235698934254e+02 6.902887181562752383e-01
1.829828857421875000e+03 1.867464770040568283e+02 6.881238750964817630e-01
1.829849670410156250e+03 1.865887400293205189e+02 6.881232254532082537e-01
1.829870544433593750e+03 1.865561426521429951e+02 6.913543293741860607e-01
1.829891357421875000e+03 1.864573006030992985e+02 6.880139683841316467e-01
1.829912170410156250e+03 1.871622254479352989e+02 6.906569564123240523e-01
1.829933044433593750e+03 1.873478849250002156e+02 6.878663300833137706e-01
1.829953857421875000e+03 1.864588583835855786e+02 6.875855869425340217e-01
1.829974670410156250e+03 1.873781662219035127e+02 6.881232904175631493e-01
1.829995544433593750e+03 1.865065254124989451e+02 6.870099835621299444e-01
1.830016357421875000e+03 1.869282319654295748e+02 6.884209576600660574e-01
1.830037170410156250e+03 1.865307301093105821e+02 6.875591252652193397e-01
1.830058044433593750e+03 1.864270535532884878e+02 6.842345585709677103e-01
1.830078857421875000e+03 1.860280886291378124e+02 6.838910573483728550e-01
1.830099670410156250e+03 1.858187792412603869e+02 6.866108823735000977e-01
1.830120544433593750e+03 1.860239780115635142e+02 6.947616366674405075e-01
1.830141357421875000e+03 1.874449953522149031e+02 6.833788724782244861e-01
1.830162170410156250e+03 1.868939534114143726e+02 6.822752962745050054e-01
1.830183044433593750e+03 1.859753023536860894e+02 6.817957747996818973e-01
1.830203857421875000e+03 1.870260992491581362e+02 6.835216811201008102e-01
1.830224670410156250e+03 1.874100369743368617e+02 6.814333756402585207e-01
1.830245544433593750e+03 1.864534473883518899e+02 6.829106869143869440e-01
1.830266357421875000e+03 1.863613868519662731e+02 6.801781034738041409e-01
1.830287170410156250e+03 1.867413150264926571e+02 6.792004034716258021e-01
1.830308044433593750e+03 1.864299353807945749e+02 6.885530253486743524e-01
1.830328857421875000e+03 1.867752773781977567e+02 6.801517041416156317e-01
1.830349670410156250e+03 1.868828858752319775e+02 6.784917683379639852e-01
1.830370483398437500e+03 1.862812598407799385e+02 6.789017223913932364e-01
1.830391296386718750e+03 1.871074787046992753e+02 6.776787023186983117e-01
1.830412170410156250e+03 1.867444272100480305e+02 6.942627944728902989e-01
1.830432983398437500e+03 1.864904554091692148e+02 6.795102907879413401e-01
1.830453796386718750e+03 1.864635066868284810e+02 6.817650886295558710e-01
1.830474670410156250e+03 1.860305689698025446e+02 6.748668459848164991e-01
1.830495483398437500e+03 1.873779476590289903e+02 6.780316143514010241e-01
1.830516296386718750e+03 1.864575140383501264e+02 6.776366809273772773e-01
1.830537170410156250e+03 1.858227097030936932e+02 6.752680555314406474e-01
1.830557983398437500e+03 1.864553330946608014e+02 6.745808695307744518e-01
1.830578796386718750e+03 1.861950393247099669e+02 6.738168024411035351e-01
1.830599670410156250e+03 1.865228032900864434e+02 6.734524329138494858e-01
1.830620483398437500e+03 1.869194667832741175e+02 6.735492958685328491e-01
1.830641296386718750e+03 1.873090048229900901e+02 6.741066619597049225e-01
1.830662170410156250e+03 1.869282509791624420e+02 6.810245517094458689e-01
1.830682983398437500e+03 1.865172651871692722e+02 6.716617423209131355e-01
1.830703796386718750e+03 1.867604062610614903e+02 6.713662772101176568e-01
1.830724670410156250e+03 1.866260656204728150e+02 6.785140595887463322e-01
1.830745483398437500e+03 1.863702306345111026e+02 6.707166400451985977e-01
1.830766296386718750e+03 1.864971028428104489e+02 6.720272823128807804e-01
1.830787170410156250e+03 1.864981172285718003e+02 6.767091059256286067e-01
1.830807983398437500e+03 1.871137581867472761e+02 6.724932731235255812e-01
1.830828796386718750e+03 1.867754459804351370e+02 6.730568493742171698e-01
1.830849670410156250e+03 1.862412571058176809e+02 6.697647533279810217e-01
1.830870483398437500e+03 1.871539745010101967e+02 6.706239008116802180e-01
1.830891296386718750e+03 1.871319850632026203e+02 6.695186413498009914e-01
1.830912170410156250e+03 1.870104840916345950e+02 6.747809708177374688e-01
1.830932983398437500e+03 1.869061365005104562e+02 6.704809675168091898e-01
1.830953796386718750e+03 1.868238992625046819e+02 6.686154631289162875e-01
1.830974670410156250e+03 1.865156342275876398e+02 6.722133804581389427e-01
1.830995483398437500e+03 1.864997952773944121e+02 6.684684223015351368e-01
1.831016296386718750e+03 1.862427705711521071e+02 6.678343966816502331e-01
1.831037170410156250e+03 1.864298130889446838e+02 6.685900782167617518e-01
1.831057983398437500e+03 1.864985497621111392e+02 6.686376824936773877e-01
1.831078796386718750e+03 1.867511556802294592e+02 6.678210982044523458e-01
1.831099670410156250e+03 1.869076860514972225e+02 6.687582826547107118e-01
1.831120483398437500e+03 1.866776630593381014e+02 6.666234171269364017e-01
1.831141296386718750e+03 1.862153079332726122e+02 6.662333068402503944e-01
1.831162170410156250e+03 1.870181643517444172e+02 6.768825135381981717e-01
1.831182983398437500e+03 1.868874742364786812e+02 6.680945785419543093e-01
1.831203796386718750e+03 1.865166021984040583e+02 6.781079145116190032e-01
1.831224670410156250e+03 1.877692837982866365e+02 6.693822171831047552e-01
1.831245483398437500e+03 1.865264928107370963e+02 6.679698877157594916e-01
1.831266296386718750e+03 1.865621774929781793e+02 6.653615250986862906e-01
1.831287170410156250e+03 1.864859261259279606e+02 6.666836115551240116e-01
1.831307983398437500e+03 1.868074490138866395e+02 6.689948961579286202e-01
1.831328796386718750e+03 1.862382259852710433e+02 6.648259654731412116e-01
1.831349670410156250e+03 1.870374021941311184e+02 6.647058624112931469e-01
1.831370483398437500e+03 1.868126584137459929e+02 6.653838755180295772e-01
1.831391296386718750e+03 1.869459115750875924e+02 6.643682112755148195e-01
1.831412170410156250e+03 1.873699356120963273e+02 6.649976316926129449e-01
1.831432983398437500e+03 1.864518636259117841e+02 6.642399943383859862e-01
1.831453796386718750e+03 1.873002349005654992e+02 6.643160616407491892e-01
1.831474670410156250e+03 1.865090731681912644e+02 6.670396824203425057e-01
1.831495483398437500e+03 1.867455253937753810e+02 6.651592846174601004e-01
1.831516296386718750e+03 1.867645753008935401e+02 6.639908471438941140e-01
1.831537170410156250e+03 1.872893884017063328e+02 6.636061727368353091e-01
1.831557983398437500e+03 1.864869011119749302e+02 6.633253606320334006e-01
1.831578796386718750e+03 1.869300705125149022e+02 6.704630764872547832e-01
1.831599670410156250e+03 1.869728101981531552e+02 6.635546144532704638e-01
1.831620483398437500e+03 1.865673721875485569e+02 6.639317327660253509e-01
1.831641296386718750e+03 1.868780403852766483e+02 6.633236308762061606e-01
1.831662170410156250e+03 1.867290596373819653e+02 6.653261167352103600e-01
1.831682983398437500e+03 1.863480558597928223e+02 6.638255201362466273e-01
1.831703796386718750e+03 1.861267545793527916e+02 6.626338400690949815e-01
1.831724670410156250e+03 1.871131548665579203e+02 6.641771778493849032e-01
1.831745483398437500e+03 1.869348777210205128e+02 6.630230566218743293e-01
1.831766296386718750e+03 1.867838527630262320e+02 6.696166964370912078e-01
1.831787170410156250e+03 1.867325978600004248e+02 6.625272619288353759e-01
1.831807983398437500e+03 1.867673384076414322e+02 6.636450184489907089e-01
1.831828796386718750e+03 1.867412923739322821e+02 6.666914120691047607e-01
1.831849670410156250e+03 1.864855093097763188e+02 6.660369019451785055e-01
1.831870483398437500e+03 1.867484362811240715e+02 6.622489624519327656e-01
1.831891296386718750e+03 1.868013308129222878e+02 6.632492021742075750e-01
1.831912170410156250e+03 1.873177801625982397e+02 6.626884831111199414e-01
1.831932983398437500e+03 1.861257990736976637e+02 6.618882431708195124e-01
1.831953796386718750e+03 1.867959593234599254e+02 6.628569936678746499e-01
1.831974670410156250e+03 1.869083491756553315e+02 6.621782835264546918e-01
1.831995483398437500e+03 1.868494823537081118e+02 6.622842653366360910e-01
1.832016296386718750e+03 1.869427167047558100e+02 6.710115695501712718e-01
1.832037170410156250e+03 1.866577847498755887e+02 6.639593829707345352e-01
1.832057983398437500e+03 1.865701901989148439e+02 6.624835147246123102e-01
1.832078796386718750e+03 1.870835834801763724e+02 6.618085419715443729e-01
1.832099670410156250e+03 1.868420518679336340e+02 6.619033718061863025e-01
1.832120483398437500e+03 1.865080019506393683e+02 6.664184291929663440e-01
1.832141296386718750e+03 1.870178689896430058e+02 6.620730049699293795e-01
1.832162170410156250e+03 1.867348367935892099e+02 6.624265378132638826e-01
1.832182983398437500e+03 1.866649157354101192e+02 6.616302827429231259e-01
1.832203796386718750e+03 1.864140807925047056e+02 6.622450247923676869e-01
1.832224670410156250e+03 1.874909699075790570e+02 6.627660325167790134e-01
1.832245483398437500e+03 1.870537405068905628e+02 6.621713749937162552e-01
1.832266296386718750e+03 1.873880845818309524e+02 6.644364594304356109e-01
1.832287170410156250e+03 1.862876861412224230e+02 6.612296096960686986e-01
1.832307983398437500e+03 1.866741646681827262e+02 6.612278744578086176e-01
1.832328796386718750e+03 1.868546629972946960e+02 6.802893199484931763e-01
1.832349670410156250e+03 1.860955779684301490e+02 6.632567060802329051e-01
1.832370483398437500e+03 1.862370519520528092e+02 6.617252281979787432e-01
1.832391296386718750e+03 1.867703699845122287e+02 6.612051131187506314e-01
1.832412170410156250e+03 1.859920676241936803e+02 6.622148052884931912e-01
1.832432983398437500e+03 1.869521672975279216e+02 6.635741064704535619e-01
1.832453796386718750e+03 1.864404329608408375e+02 6.732798903056039785e-01
1.832474670410156250e+03 1.866294833013048162e+02 6.610089500170476251e-01
1.832495483398437500e+03 1.867470118650994948e+02 6.621271316712935562e-01
1.832516296386718750e+03 1.867546342515730373e+02 6.660568135074187435e-01
1.832537170410156250e+03 1.868838718592426176e+02 6.622423471704897979e-01
1.832557983398437500e+03 1.870501753432053249e+02 6.611152319775257524e-01
1.832578796386718750e+03 1.871319489310621975e+02 6.616393815219323571e-01
1.832599670410156250e+03 1.871866457298849866e+02 6.654573041258935451e-01
1.832620483398437500e+03 1.866055081631947132e+02 6.605456405799561281e-01
1.832641296386718750e+03 1.870965817092719305e+02 6.614358452606192706e-01
1.832662170410156250e+03 1.860575304098179004e+02 6.634232978899878841e-01
1.832682983398437500e+03 1.870456513758331027e+02 6.629467510499670313e-01
1.832703796386718750e+03 1.866885221992099559e+02 6.614845951503911525e-01
1.832724670410156250e+03 1.872639598105966456e+02 6.611335788198338115e-01
1.832745483398437500e+03 1.870865262838823071e+02 6.615125053230023200e-01
1.832766296386718750e+03 1.866881198178920442e+02 6.607697023621648125e-01
1.832787170410156250e+03 1.869459587759199337e+02 6.667310614082806453e-01
1.832807983398437500e+03 1.870938571878091068e+02 6.730773502652416251e-01
1.832828796386718750e+03 1.868035743741265833e+02 6.770893952514033254e-01
1.832849670410156250e+03 1.873168977187316671e+02 6.611044355018910190e-01
1.832870483398437500e+03 1.866971295636549542e+02 6.799797438311270259e-01
1.832891296386718750e+03 1.868156215849623720e+02 6.634874434501129015e-01
1.832912170410156250e+03 1.872166805011307247e+02 6.649445229887417375e-01
1.832932983398437500e+03 1.873682661314788902e+02 6.603612412220374317e-01
1.832953796386718750e+03 1.865922432340151715e+02 6.715022317177505862e-01
1.832974609375000000e+03 1.867146454542127003e+02 6.625247653794796854e-01
1.832995422363281250e+03 1.864955436722425759e+02 6.603024563474605424e-01
1.833016296386718750e+03 1.867075247438247345e+02 6.647534310193876639e-01
1.833037109375000000e+03 1.867468684826650644e+02 6.603273700388361256e-01
1.833057922363281250e+03 1.866422076786478783e+02 6.603990819216468688e-01
1.833078796386718750e+03 1.858404344016398397e+02 6.672396110177539752e-01
1.833099609375000000e+03 1.868059509070857587e+02 6.606826263744529637e-01
1.833120422363281250e+03 1.872867340457995908e+02 6.665207186524244598e-01
1.833141296386718750e+03 1.871605574747026424e+02 6.607255907085736180e-01
1.833162109375000000e+03 1.868431779143095639e+02 6.607268987652100689e-01
1.833182922363281250e+03 1.867876959219841240e+02 6.623870807358787083e-01
1.833203796386718750e+03 1.869813737510155534e+02 6.613652146242229302e-01
1.833224609375000000e+03 1.869387955217938213e+02 6.607001507473267976e-01
1.833245422363281250e+03 1.873427968093988909e+02 6.626642428444310395e-01
1.833266296386718750e+03 1.871165823237486165e+02 6.613270686907818385e-01
1.833287109375000000e+03 1.870567756000692157e+02 6.681272307555852219e-01
1.833307922363281250e+03 1.871502519560779660e+02 6.639153261343132550e-01
1.833328796386718750e+03 1.875096610359635747e+02 6.634581789305906696e-01
1.833349609375000000e+03 1.871315989736893073e+02 6.606693192686007299e-01
1.833370422363281250e+03 1.873521965923339963e+02 6.621718475666561465e-01
1.833391296386718750e+03 1.871523942654631867e+02 6.605173962747349359e-01
1.833412109375000000e+03 1.869984460492702851e+02 6.606349450971523707e-01
1.833432922363281250e+03 1.869109927835621932e+02 6.675997378453928377e-01
1.833453796386718750e+03 1.875610503061257646e+02 6.609961905247021541e-01
1.833474609375000000e+03 1.861195747492749319e+02 6.593316249230638526e-01
1.833495422363281250e+03 1.866936532509618303e+02 6.611738769760573398e-01
1.833516296386718750e+03 1.864460745121586172e+02 6.601731111980296829e-01
1.833537109375000000e+03 1.864977347245011288e+02 6.620896373046150085e-01
1.833557922363281250e+03 1.870644418401555811e+02 6.615027290123594028e-01
1.833578796386718750e+03 1.870345450173637687e+02 6.601666782616384399e-01
1.833599609375000000e+03 1.861194877529825646e+02 6.605868994589823018e-01
1.833620422363281250e+03 1.865137328442519902e+02 6.606383284610994888e-01
1.833641296386718750e+03 1.870327219612818510e+02 6.643310676970881623e-01
1.833662109375000000e+03 1.868519415274793687e+02 6.604971823563638988e-01
1.833682922363281250e+03 1.867679805591435525e+02 6.607042554881986662e-01
1.833703796386718750e+03 1.868507926866451783e+02 6.708670307565316460e-01
1.833724609375000000e+03 1.859204707321919727e+02 6.609766450296546969e-01
1.833745422363281250e+03 1.867112816918833005e+02 6.599777928503259838e-01
1.833766296386718750e+03 1.869582307432993105e+02 6.600050894223122855e-01
1.833787109375000000e+03 1.870401245031509347e+02 6.602735471632279474e-01
1.833807922363281250e+03 1.859337736576703151e+02 6.611818101044757423e-01
1.833828796386718750e+03 1.868545203860166168e+02 6.606135392796392836e-01
1.833849609375000000e+03 1.859723456998108020e+02 6.599932362108728023e-01
1.833870422363281250e+03 1.864909608173483662e+02 6.599166480447071770e-01
1.833891296386718750e+03 1.859132039416827240e+02 6.611186354228553164e-01
1.833912109375000000e+03 1.869337643962631148e+02 6.611384697225533014e-01
1.833932922363281250e+03 1.867989491214766531e+02 6.601472436414695943e-01
1.833953796386718750e+03 1.869768435525492691e+02 6.604381162688028883e-01
1.833974609375000000e+03 1.869198639952771259e+02 6.645557366942467237e-01
1.833995422363281250e+03 1.857854903735093330e+02 6.633052772151014631e-01
1.834016296386718750e+03 1.873286274465074825e+02 6.612623980825534931e-01
1.834037109375000000e+03 1.873476238341074520e+02 6.599403570058955948e-01
1.834057922363281250e+03 1.871424488851163517e+02 6.630917128928000004e-01
1.834078796386718750e+03 1.868055173237090401e+02 6.646555552408353051e-01
1.834099609375000000e+03 1.865846101901676946e+02 6.599564560339806762e-01
1.834120422363281250e+03 1.870006706903879774e+02 6.605495883698683235e-01
1.834141296386718750e+03 1.863027852018126964e+02 6.595842942282865717e-01
1.834162109375000000e+03 1.861664714811645354e+02 6.603732683461245312e-01
1.834182922363281250e+03 1.867523634096908154e+02 6.599590751935520139e-01
1.834203796386718750e+03 1.865295099856724050e+02 6.614171238074545434e-01
1.834224609375000000e+03 1.869127215575569778e+02 6.611154122929496779e-01
1.834245422363281250e+03 1.870437744229276120e+02 6.608889198936895859e-01
1.834287109375000000e+03 1.872579855306858008e+02 6.618234472757232867e-01
1.834307922363281250e+03 1.871495896952280873e+02 6.608644106878598379e-01
1.834328796386718750e+03 1.871755400102349824e+02 6.608891453651448700e-01
1.834349609375000000e+03 1.868215686501178254e+02 6.613409483872391137e-01
1.834370422363281250e+03 1.870604746272501018e+02 6.708318685630144662e-01
1.834391296386718750e+03 1.872456593595451295e+02 6.625152739077696529e-01
1.834412109375000000e+03 1.867513805518995014e+02 6.606968128073775759e-01
1.834432922363281250e+03 1.865612166108063832e+02 6.598797958540821851e-01
1.834453796386718750e+03 1.862803361183317463e+02 6.610699261687060790e-01
1.834474609375000000e+03 1.869915986980523712e+02 6.601539250620696020e-01
1.834495422363281250e+03 1.871026233435089807e+02 6.675354293821701424e-01
1.834516296386718750e+03 1.869363831841910724e+02 6.594582880218208265e-01
1.834537109375000000e+03 1.868644863723822311e+02 6.632011437091582806e-01
1.834557922363281250e+03 1.865575709732685254e+02 6.638523442448717171e-01
1.834578796386718750e+03 1.871723528513079202e+02 6.626559451839408865e-01
1.834599609375000000e+03 1.863568132282535146e+02 6.742874349216844143e-01
1.834620422363281250e+03 1.864374037767822756e+02 6.605836737346225673e-01
1.834641296386718750e+03 1.863568164921558150e+02 6.598202679931945980e-01
1.834662109375000000e+03 1.861956405974735560e+02 6.591078655534099440e-01
1.834682922363281250e+03 1.864710212774625973e+02 6.637439187987179690e-01
1.834703796386718750e+03 1.868927117592913305e+02 6.611662592802082239e-01
1.834724609375000000e+03 1.868068572942483740e+02 6.628935229946758545e-01
1.834745422363281250e+03 1.865407456471710077e+02 6.613689772757588292e-01
1.834766296386718750e+03 1.862907025890700083e+02 6.618357855515146770e-01
1.834787109375000000e+03 1.866805834572054437e+02 6.629292411099143578e-01
1.834807922363281250e+03 1.866460464666667747e+02 6.609326599160308957e-01
1.834828796386718750e+03 1.864082231304332709e+02 6.611345479877632769e-01
1.834849548339843750e+03 1.866923284768218423e+02 6.605842151160346010e-01
1.834870422363281250e+03 1.868502931663956872e+02 6.601181019251232129e-01
1.834891235351562500e+03 1.861345943873828901e+02 6.591479258479411296e-01
1.834912048339843750e+03 1.861330062366847358e+02 6.610041934153034759e-01
1.834932922363281250e+03 1.865171633522115542e+02 6.605263975861886960e-01
1.834953735351562500e+03 1.860784368362136547e+02 6.590602964434044697e-01
1.834974548339843750e+03 1.864690641055462663e+02 6.612845039740095077e-01
1.834995422363281250e+03 1.863403261999251868e+02 6.637130940049629224e-01
1.835016235351562500e+03 1.865820543791451485e+02 6.594823523901255369e-01
1.835037048339843750e+03 1.870158640610709710e+02 6.783670775606540637e-01
1.835057922363281250e+03 1.863171700163436242e+02 6.609421966602296861e-01
1.835078735351562500e+03 1.868211454184591105e+02 6.594858094525908321e-01
1.835099548339843750e+03 1.873677139330331443e+02 6.723644115297212620e-01
1.835120422363281250e+03 1.866551199968100434e+02 6.621939456008515412e-01
1.835141235351562500e+03 1.869585039045614963e+02 6.610447699610926264e-01
1.835162048339843750e+03 1.865164632256307584e+02 6.632392492576907328e-01
1.835182922363281250e+03 1.868730032950435316e+02 6.603086622914670079e-01
1.835203735351562500e+03 1.869117124348308039e+02 6.637529661539760539e-01
1.835224548339843750e+03 1.872237931829543527e+02 6.609074533906017512e-01
1.835245422363281250e+03 1.866248847519128446e+02 6.610293286247428401e-01
1.835266235351562500e+03 1.868479187013278136e+02 6.600390674486987796e-01
1.835287048339843750e+03 1.873866531566679612e+02 6.648244861721149812e-01
1.835307922363281250e+03 1.855483541725535872e+02 6.590618565114453320e-01
1.835328735351562500e+03 1.867518428895099589e+02 6.600044346790445715e-01
1.835349548339843750e+03 1.867503064111052993e+02 6.602369631571083364e-01
1.835370422363281250e+03 1.870528750807624760e+02 6.596914607678608933e-01
1.835391235351562500e+03 1.871388127008695506e+02 6.603740355473584067e-01
1.835412048339843750e+03 1.874727470129436142e+02 6.617428150327374636e-01
1.835432922363281250e+03 1.866386656044539620e+02 6.601917776445725972e-01
1.835453735351562500e+03 1.867383093793937689e+02 6.596945553270856522e-01
1.835474548339843750e+03 1.870747755813969206e+02 6.600709668210545944e-01
1.835495422363281250e+03 1.866547602129056997e+02 6.675120571561972138e-01
1.835516235351562500e+03 1.865962617228860552e+02 6.603425795658608433e-01
1.835537048339843750e+03 1.861357240775912771e+02 6.606127723565525800e-01
1.835557922363281250e+03 1.863978937869394485e+02 6.625677451998531753e-01
1.835578735351562500e+03 1.866671363631724034e+02 6.599294058296772958e-01
1.835599548339843750e+03 1.859359233363583144e+02 6.599588945621911451e-01
1.835620422363281250e+03 1.869728254160588961e+02 6.631549692527598516e-01
1.835641235351562500e+03 1.863838385199005074e+02 6.596869883135496604e-01
1.835662048339843750e+03 1.869096465109594760e+02 6.610315377723458008e-01
1.835682922363281250e+03 1.864178903200526918e+02 6.612234123956581833e-01
1.835703735351562500e+03 1.871782496784562682e+02 6.605875987398081017e-01
1.835724548339843750e+03 1.866829169403350477e+02 6.606478694541030317e-01
1.835745422363281250e+03 1.867754744177895248e+02 6.632874622211316629e-01
1.835766235351562500e+03 1.868903660112056286e+02 6.615071216122049291e-01
1.835787048339843750e+03 1.871208455682848637e+02 6.615741783484394567e-01
1.835807922363281250e+03 1.869977146776942618e+02 6.617608067142081163e-01
1.835828735351562500e+03 1.866776987673178212e+02 6.629597651987406692e-01
1.835849548339843750e+03 1.868443609306305575e+02 6.614173716279849735e-01
1.835870422363281250e+03 1.871659543396068557e+02 6.617059744690427792e-01
1.835891235351562500e+03 1.859848415233996093e+02 6.596360272990664519e-01
1.835912048339843750e+03 1.868447004301938819e+02 6.604097545474654218e-01
1.835932922363281250e+03 1.864958499524260276e+02 6.597264487705587488e-01
1.835953735351562500e+03 1.864683689204734662e+02 6.608055127249889971e-01
1.835974548339843750e+03 1.872807496749119593e+02 6.606439899180154285e-01
1.835995422363281250e+03 1.865875647429459718e+02 6.596854297238621267e-01
1.836016235351562500e+03 1.873750425090464091e+02 6.610295089635993548e-01
1.836037048339843750e+03 1.862728714331782101e+02 6.675469924158411450e-01
1.836057922363281250e+03 1.865610020091330625e+02 6.612167868538855187e-01
1.836078735351562500e+03 1.868741810821452418e+02 6.600393609389814120e-01
1.836099548339843750e+03 1.869993386324110247e+02 6.607000154257648417e-01
1.836120422363281250e+03 1.869431057523489983e+02 6.616992862005189879e-01
1.836141235351562500e+03 1.865444605327685110e+02 6.658627958387768331e-01
1.836162048339843750e+03 1.865956065251602638e+02 6.604284143054856004e-01
1.836182922363281250e+03 1.866192989186231159e+02 6.593890274508308336e-01
1.836203735351562500e+03 1.862769192738994946e+02 6.654700676501257295e-01
1.836224548339843750e+03 1.872276380052449554e+02 6.599407860173474027e-01
1.836245422363281250e+03 1.866804421602970194e+02 6.627993069513320457e-01
1.836266235351562500e+03 1.870370471801982148e+02 6.599759414290432558e-01
1.836287048339843750e+03 1.872961957713375796e+02 6.606738527364589553e-01
1.836307922363281250e+03 1.866145635147059068e+02 6.607490225722277843e-01
1.836328735351562500e+03 1.863628401460850341e+02 6.751745951869789764e-01
1.836349548339843750e+03 1.866288957130009862e+02 6.596190394193145456e-01
1.836370422363281250e+03 1.866743379328796095e+02 6.619424300025955610e-01
1.836391235351562500e+03 1.869069695277569565e+02 6.602221123158401594e-01
1.836412048339843750e+03 1.873194253263439464e+02 6.601411038980532497e-01
1.836432922363281250e+03 1.864173260007831914e+02 6.606869116565717848e-01
1.836453735351562500e+03 1.866406435064297682e+02 6.595795725363604589e-01
1.836474548339843750e+03 1.867724572111113446e+02 6.619581651895307672e-01
1.836495361328125000e+03 1.864400655574896746e+02 6.622492099611805294e-01
1.836516174316406250e+03 1.861397361558769035e+02 6.593489592051837711e-01
1.836537048339843750e+03 1.864248476267302976e+02 6.619924931619174391e-01
1.836557861328125000e+03 1.866662505151602431e+02 6.615674436994453123e-01
1.836578674316406250e+03 1.870546911337107190e+02 6.629574276157113033e-01
1.836599548339843750e+03 1.861541350870677718e+02 6.607713034966586907e-01
1.836620361328125000e+03 1.865424730965848994e+02 6.619592231929715131e-01
1.836641174316406250e+03 1.867883514605009623e+02 6.616176928893798825e-01
1.836662048339843750e+03 1.865605013563319972e+02 6.719999862455184880e-01
1.836682861328125000e+03 1.870853371245920300e+02 6.615006340698524889e-01
1.836703674316406250e+03 1.870246739162473659e+02 6.613190246424562879e-01
1.836724548339843750e+03 1.865598885215354130e+02 6.602846280383966038e-01
1.836745361328125000e+03 1.862333902625581175e+02 6.597792999494602739e-01
1.836766174316406250e+03 1.870231737840011021e+02 6.650935975511796938e-01
1.836787048339843750e+03 1.864625585655862778e+02 6.596073599981921998e-01
1.836807861328125000e+03 1.866528089486748456e+02 6.594524356154675138e-01
1.836828674316406250e+03 1.870143339076724658e+02 6.623122768029144902e-01
1.836849548339843750e+03 1.871593973036767125e+02 6.601629313294478107e-01
1.836870361328125000e+03 1.864666002241725664e+02 6.599373313382634887e-01
1.836891174316406250e+03 1.863805735375590018e+02 6.601696577347074824e-01
1.836912048339843750e+03 1.867692209447817788e+02 6.623037497430280807e-01
1.836932861328125000e+03 1.863767469019664134e+02 6.612187700162078796e-01
1.836953674316406250e+03 1.862337460751896572e+02 6.597292947111212946e-01
1.836974548339843750e+03 1.868723840788375128e+02 6.722420421766299725e-01
1.836995361328125000e+03 1.863391946696303592e+02 6.591378431814228778e-01
1.837016174316406250e+03 1.866416414820976115e+02 6.624962680639563395e-01
1.837037048339843750e+03 1.875695619050351013e+02 6.594824879615439617e-01
1.837057861328125000e+03 1.867906080728624829e+02 6.613026207897194642e-01
1.837078674316406250e+03 1.868178271381813715e+02 6.591616931861081774e-01
1.837099548339843750e+03 1.865971971618523639e+02 6.606104941386029550e-01
1.837120361328125000e+03 1.867790176379724016e+02 6.597636934820148014e-01
1.837141174316406250e+03 1.861083508590539282e+02 6.590104175389649432e-01
1.837162048339843750e+03 1.862670800647123599e+02 6.588749838293309624e-01
1.837182861328125000e+03 1.864503778530928457e+02 6.598515456306199845e-01
1.837203674316406250e+03 1.868899643313540366e+02 6.592483597765044223e-01
1.837224548339843750e+03 1.867531089189166380e+02 6.607357844607122388e-01
1.837245361328125000e+03 1.868998919932399474e+02 6.608196514207735905e-01
1.837266174316406250e+03 1.872293618328326659e+02 6.595972843546279440e-01
1.837287048339843750e+03 1.867254622107192858e+02 6.594751444695788889e-01
1.837307861328125000e+03 1.869613454019604148e+02 6.598851025157229655e-01
1.837328674316406250e+03 1.871960357962961154e+02 6.637961807277875659e-01
1.837349548339843750e+03 1.867996143000810605e+02 6.743778584714026358e-01
1.837370361328125000e+03 1.868690944611755356e+02 6.604142221070623542e-01
1.837391174316406250e+03 1.868450563366300514e+02 6.593096795654143083e-01
1.837412048339843750e+03 1.865055247948132262e+02 6.591453034652116072e-01
1.837432861328125000e+03 1.869639922998280213e+02 6.604688231714306301e-01
1.837453674316406250e+03 1.864429231504725522e+02 6.645957825031825195e-01
1.837474548339843750e+03 1.865092862940172154e+02 6.598898220214987065e-01
1.837495361328125000e+03 1.866675448906740939e+02 6.597961707805096720e-01
1.837516174316406250e+03 1.869884882422882697e+02 6.594343131628938037e-01
1.837537048339843750e+03 1.872203802369818675e+02 6.610302979455184857e-01
1.837557861328125000e+03 1.868449088628840684e+02 6.620007091011329559e-01
1.837578674316406250e+03 1.873533290567644656e+02 6.595476945834614080e-01
1.837599548339843750e+03 1.872656990623728746e+02 6.622704279100942726e-01
1.837620361328125000e+03 1.865690357195543641e+02 6.594101792483244573e-01
1.837641174316406250e+03 1.865723930427901962e+02 6.599109126061452057e-01
1.837662048339843750e+03 1.864372112888193271e+02 6.599280736123369628e-01
1.837682861328125000e+03 1.868187892016244405e+02 6.593570046884533742e-01
1.837703674316406250e+03 1.865395416762936236e+02 6.594702638266082273e-01
1.837724548339843750e+03 1.868586575165911370e+02 6.591053108357890489e-01
1.837745361328125000e+03 1.872251866117520933e+02 6.594686595332993617e-01
1.837766174316406250e+03 1.866525095077668084e+02 6.605471294634941426e-01
1.837787048339843750e+03 1.869685054647346760e+02 6.608748954179773927e-01
1.837807861328125000e+03 1.867583400692520570e+02 6.591427941064522678e-01
1.837828674316406250e+03 1.867376382577109268e+02 6.637315710925357770e-01
1.837849548339843750e+03 1.865076277618643417e+02 6.704335163489210103e-01
1.837870361328125000e+03 1.864605632581377392e+02 6.592959153174811071e-01
1.837891174316406250e+03 1.867193182614309990e+02 6.590274663289544810e-01
1.837911987304687500e+03 1.875507908692626415e+02 6.602160861193191455e-01
1.837932800292968750e+03 1.869081347980484509e+02 6.612379027199317694e-01
1.837953674316406250e+03 1.865634652165244631e+02 6.611261860502715137e-01
1.837974487304687500e+03 1.860429510261881489e+02 6.632891920712812306e-01
1.837995300292968750e+03 1.868239863659011917e+02 6.603940727227827212e-01
1.838016174316406250e+03 1.873560732573408814e+02 6.604334683692770769e-01
1.838036987304687500e+03 1.873442013736314493e+02 6.605145311699145427e-01
1.838057800292968750e+03 1.878259552455917856e+02 6.648642468458748622e-01
1.838078674316406250e+03 1.868797718535361128e+02 6.596564031415813600e-01
1.838099487304687500e+03 1.863849049186032403e+02 6.587557185103980473e-01
1.838120300292968750e+03 1.866039997194988587e+02 6.590138770771115651e-01
1.838141174316406250e+03 1.866536781621748844e+02 6.619235878059510636e-01
1.838161987304687500e+03 1.871625731733829525e+02 6.593630387364813883e-01
1.838182800292968750e+03 1.872221450996763679e+02 6.597510680088477519e-01
1.838203674316406250e+03 1.869118116882356162e+02 6.589871047528162995e-01
1.838224487304687500e+03 1.860307892704651067e+02 6.593019951274510237e-01
1.838245300292968750e+03 1.864370234389824361e+02 6.592185001956007984e-01
1.838266174316406250e+03 1.871042922153800703e+02 6.610043061313806145e-01
1.838286987304687500e+03 1.873081303277857046e+02 6.603984726967875307e-01
1.838307800292968750e+03 1.869634091457159570e+02 6.615928953573465554e-01
1.838328674316406250e+03 1.872072821407733727e+02 6.606030504014201998e-01
1.838349487304687500e+03 1.868792815077236185e+02 6.715315007243881640e-01
1.838370300292968750e+03 1.870411301681163820e+02 6.591445122269944390e-01
1.838391174316406250e+03 1.871455843066409841e+02 6.603723206257227085e-01
1.838411987304687500e+03 1.865845310444737208e+02 6.699111982112028185e-01
1.838432800292968750e+03 1.868401901690280908e+02 6.608042048239683997e-01
1.838453674316406250e+03 1.870832561280507207e+02 6.601337903056370138e-01
1.838474487304687500e+03 1.866980940273805345e+02 6.614863972955663529e-01
1.838495300292968750e+03 1.869795100441818647e+02 6.606525835108983946e-01
1.838516174316406250e+03 1.866491810594173728e+02 6.591045195495617293e-01
1.838536987304687500e+03 1.866584591544626903e+02 6.685096602972322444e-01
1.838557800292968750e+03 1.870592697397471227e+02 6.592700585477120345e-01
1.838578674316406250e+03 1.868988375477251225e+02 6.608052872249977616e-01
1.838599487304687500e+03 1.873591395511163284e+02 6.607174942314274491e-01
1.838620300292968750e+03 1.866840834488410223e+02 6.604306029003574885e-01
1.838641174316406250e+03 1.871695145976578374e+02 6.590185123775323950e-01
1.838661987304687500e+03 1.865317694327410436e+02 6.624860789077969825e-01
1.838682800292968750e+03 1.867154283714313578e+02 6.588930990504708873e-01
1.838703674316406250e+03 1.871265366324382171e+02 6.622080096479624478e-01
1.838745300292968750e+03 1.866308800944200925e+02 6.617833462907249942e-01
1.838766174316406250e+03 1.869867269438140056e+02 6.608809832494555447e-01
1.838786987304687500e+03 1.868961604285135536e+02 6.599821504433347474e-01
1.838807800292968750e+03 1.865657352059400012e+02 6.614900240978486279e-01
1.838828674316406250e+03 1.865118864516764745e+02 6.700216502634425142e-01
1.838849487304687500e+03 1.866149212457611952e+02 6.603543136796615753e-01
1.838870300292968750e+03 1.868272725092538451e+02 6.589641077241088496e-01
1.838891174316406250e+03 1.864536842602371678e+02 6.597673297541599702e-01
1.838911987304687500e+03 1.868312012768021759e+02 6.588357664009147907e-01
1.838932800292968750e+03 1.860829249001401422e+02 6.602076222672810246e-01
1.838953674316406250e+03 1.863337078170856671e+02 6.591243692427969370e-01
1.838974487304687500e+03 1.866801894275968152e+02 6.612003353916524606e-01
1.838995300292968750e+03 1.856408953466008995e+02 6.762489728866928340e-01
1.839016174316406250e+03 1.870161634307719112e+02 6.597608251041333638e-01
1.839036987304687500e+03 1.871472900113931246e+02 6.596151538321481933e-01
1.839057800292968750e+03 1.861421451762436448e+02 6.602437565156974442e-01
1.839078674316406250e+03 1.870159954431825895e+02 6.593311955152451054e-01
1.839099487304687500e+03 1.864257079360139358e+02 6.622800128899833938e-01
1.839120300292968750e+03 1.867530437204051168e+02 6.617429951771540697e-01
1.839141174316406250e+03 1.864610760911471630e+02 6.609942292381383311e-01
1.839161987304687500e+03 1.867809769410097829e+02 6.598265236392916178e-01
1.839182800292968750e+03 1.870661987035353775e+02 6.591410533744936906e-01
1.839203613281250000e+03 1.875741690930414904e+02 6.620551343097765828e-01
1.839224426269531250e+03 1.872715484841311024e+02 6.606017872134525293e-01
1.839245300292968750e+03 1.861246138320613568e+02 6.603113928883519446e-01
1.839266113281250000e+03 1.870901718227970889e+02 6.608672742758227026e-01
1.839286926269531250e+03 1.873454269757540658e+02 6.593644624925709685e-01
1.839307800292968750e+03 1.861782636360705396e+02 6.598637175378603281e-01
1.839328613281250000e+03 1.873880120706376431e+02 6.684011208870128673e-01
1.839349426269531250e+03 1.862653138605616050e+02 6.593325063382365903e-01
1.839370300292968750e+03 1.868625659591528176e+02 6.595094887135448669e-01
1.839391113281250000e+03 1.862977098040331612e+02 6.598619787077152354e-01
1.839411926269531250e+03 1.868257566204011368e+02 6.632508647235821897e-01
1.839432800292968750e+03 1.872169665637624121e+02 6.600214352161323239e-01
1.839453613281250000e+03 1.868077910489874398e+02 6.635633050892676410e-01
1.839474426269531250e+03 1.865250277724750561e+02 6.596447243820070527e-01
1.839495300292968750e+03 1.865639907831378821e+02 6.772585470956459242e-01
1.839536926269531250e+03 1.869619131805930010e+02 6.617640267007122157e-01
1.839557800292968750e+03 1.868272123974699923e+02 6.611737642888884103e-01
1.839578613281250000e+03 1.868024144037576662e+02 6.602190653694176570e-01
1.839599426269531250e+03 1.878514964386467057e+02 6.631442958674188537e-01
1.839620300292968750e+03 1.867470902926358463e+02 6.600766105693176566e-01
1.839641113281250000e+03 1.869895895707432771e+02 6.621665367275481051e-01
1.839661926269531250e+03 1.864522349229118845e+02 6.618581424616014619e-01
1.839682800292968750e+03 1.869324967178652912e+02 6.607300110274858529e-01
1.839703613281250000e+03 1.868146539649857516e+02 6.708999256189713822e-01
1.839724426269531250e+03 1.867778739659714518e+02 6.609923806638657862e-01
1.839745300292968750e+03 1.861854483755434728e+02 6.616462956094427694e-01
1.839766113281250000e+03 1.873206892472236120e+02 6.624649803334725640e-01
1.839786926269531250e+03 1.868401660028902143e+02 6.619974452470769322e-01
1.839807800292968750e+03 1.865364551867163527e+02 6.624962680639563395e-01
1.839828613281250000e+03 1.872839219165849443e+02 6.624761820056455086e-01
1.839849426269531250e+03 1.870903214600139677e+02 6.656234794921701559e-01
1.839870300292968750e+03 1.861274812905554370e+02 6.617363072828040815e-01
1.839891113281250000e+03 1.866253812438791329e+02 6.620260540684266282e-01
1.839911926269531250e+03 1.865793876797000621e+02 6.652910648546379591e-01
1.839932800292968750e+03 1.863376082479661022e+02 6.634929683028103486e-01
1.839953613281250000e+03 1.864534221277471033e+02 6.628950290837101189e-01
1.839974426269531250e+03 1.870270521143049791e+02 6.680449280606181039e-01
1.839995300292968750e+03 1.864417637007704514e+02 6.650961740760843455e-01
1.840016113281250000e+03 1.870383758562907701e+02 6.706524527086608067e-01
1.840036926269531250e+03 1.867144365079863917e+02 6.656911288799927107e-01
1.840057800292968750e+03 1.864954815315257122e+02 6.648560662927435194e-01
1.840078613281250000e+03 1.869419043779981280e+02 6.666570354799118414e-01
1.840099426269531250e+03 1.866533937365458655e+02 6.649802877975075077e-01
1.840120300292968750e+03 1.865805368426814823e+02 6.662508865049951989e-01
1.841141052246093750e+03 1.866211781487129713e+02 7.694261740578408615e-01
