1.816099670410156250e+03 1.866602162425332665e+02 6.607044359157837610e-01
1.816120544433593750e+03 1.869057718379346227e+02 6.601734723434775631e-01
1.816141357421875000e+03 1.871488447425728907e+02 6.603420379863438328e-01
1.816162170410156250e+03 1.866538460926088021e+02 6.601788895014876202e-01
1.816183044433593750e+03 1.868854164660048127e+02 6.619645356953239856e-01
1.816203857421875000e+03 1.862715224964273659e+02 6.793302276653893079e-01
1.816224670410156250e+03 1.870463985937522295e+02 6.621865646694142793e-01
1.816245544433593750e+03 1.872720816227256648e+02 6.600205998746060398e-01
1.816266357421875000e+03 1.862298254646410101e+02 6.600352520631488362e-01
1.816287170410156250e+03 1.875621251568134653e+02 6.612228264660685584e-01
1.816308044433593750e+03 1.874361393090508159e+02 6.602004222650688092e-01
1.816328857421875000e+03 1.865896850263092972e+02 6.601773546445643959e-01
1.816349670410156250e+03 1.861598423128809543e+02 6.597493288818044865e-01
1.816370544433593750e+03 1.867347890485018240e+02 6.683046712064535377e-01
1.816391418457031250e+03 1.863797009570367038e+02 6.595621087600789245e-01
1.816412231445312500e+03 1.865221704370433145e+02 6.611138570708015028e-01
1.816433044433593750e+03 1.864223340429800260e+02 6.607249366792843359e-01
1.816453918457031250e+03 1.864031446247874726e+02 6.601420745230552889e-01
1.816474731445312500e+03 1.861913507368276157e+02 6.627469664122556114e-01
1.816495544433593750e+03 1.867793429589074492e+02 6.612160206304862342e-01
1.816516418457031250e+03 1.867302727418845620e+02 6.648600109007919423e-01
1.816537231445312500e+03 1.870191953700479246e+02 6.755480060587776281e-01
1.816558044433593750e+03 1.873760193263600513e+02 6.610940671129758028e-01
1.816578918457031250e+03 1.863886080964008727e+02 6.600019963190925099e-01
1.816599731445312500e+03 1.862441568597633363e+02 6.616770590447274003e-01
1.816620544433593750e+03 1.868371470867400319e+02 6.620839882093791928e-01
1.816641418457031250e+03 1.863977306871728388e+02 6.596481128248394832e-01
1.816662231445312500e+03 1.861301701163127404e+02 6.596451309960659204e-01
1.816683044433593750e+03 1.867949535752148051e+02 6.779875708343789942e-01
1.816703918457031250e+03 1.870081601426196016e+02 6.600638104788694172e-01
1.816724731445312500e+03 1.865676008697056432e+02 6.596297020758132845e-01
1.816745544433593750e+03 1.869196150100793261e+02 6.609755178208485127e-01
1.816766418457031250e+03 1.869503121751085928e+02 6.613096059965344331e-01
1.816787231445312500e+03 1.866551264111105581e+02 6.613830363351883568e-01
1.816808044433593750e+03 1.870748340296387937e+02 6.607716192128615385e-01
1.816828918457031250e+03 1.864297386735687780e+02 6.609861360515690842e-01
1.816849731445312500e+03 1.866407680706797123e+02 6.615622631535671427e-01
1.816870544433593750e+03 1.861966834919975611e+02 6.597159006139367010e-01
1.816891418457031250e+03 1.870181253504139249e+02 6.606731986559519765e-01
1.816912231445312500e+03 1.869310565134212538e+02 6.629812750710946112e-01
1.816933044433593750e+03 1.869237841880272413e+02 6.611168998933202312e-01
1.816953918457031250e+03 1.865141536995643889e+02 6.790339956607702732e-01
1.816974731445312500e+03 1.869616338895933154e+02 6.606141257496342956e-01
1.816995544433593750e+03 1.868543969481151805e+02 6.612691358382631890e-01
1.817016418457031250e+03 1.867200386961979746e+02 6.624728980008982582e-01
1.817037231445312500e+03 1.867667491664755630e+02 6.627693150690523449e-01
1.817058044433593750e+03 1.867694902480317296e+02 6.606386216851589666e-01
1.817078918457031250e+03 1.869115134740595181e+02 6.618624426467312194e-01
1.817099731445312500e+03 1.870456298950116150e+02 6.602796856750938748e-01
1.817120544433593750e+03 1.863336701037634384e+02 6.624362555012663911e-01
1.817141418457031250e+03 1.861311902707318495e+02 6.613859427380817113e-01
1.817162231445312500e+03 1.866379086760060773e+02 6.647120720787628168e-01
1.817183044433593750e+03 1.873506230202782206e+02 6.613253337082424244e-01
1.817203918457031250e+03 1.865008516125935500e+02 6.602209161089213074e-01
1.817224731445312500e+03 1.873142617063938928e+02 6.614243330940355881e-01
1.817245544433593750e+03 1.866224867524362310e+02 6.617229538100563024e-01
1.817266418457031250e+03 1.874311136149529773e+02 6.796986370708881786e-01
1.817287231445312500e+03 1.867032903388795546e+02 6.627894596913563863e-01
1.817308044433593750e+03 1.866538313597159515e+02 6.602242564548932435e-01
1.817328918457031250e+03 1.872002368906618415e+02 6.626434422797636836e-01
1.817349731445312500e+03 1.867590502587282515e+02 6.602473224367493287e-01
1.817370544433593750e+03 1.870033125082530887e+02 6.631314651073431099e-01
1.817391418457031250e+03 1.871592614104060317e+02 6.612009438776824677e-01
1.817412231445312500e+03 1.867424376072246730e+02 6.610895365267671631e-01
1.817433044433593750e+03 1.874456284384479545e+02 6.604701317365933022e-01
1.817453918457031250e+03 1.865825220472956119e+02 6.623331327638032340e-01
1.817474731445312500e+03 1.866157197249838191e+02 6.635005368271519322e-01
1.817495544433593750e+03 1.873161810059764889e+02 6.612561334855545647e-01
1.817516418457031250e+03 1.869611556487895143e+02 6.655089165199858936e-01
1.817537231445312500e+03 1.863231598325939729e+02 6.614035385944997403e-01
1.817558044433593750e+03 1.867777409085452689e+02 6.613979962881794128e-01
1.817578918457031250e+03 1.864656810267859157e+02 6.617190130203967069e-01
1.817599731445312500e+03 1.865620373794487818e+02 6.611220839290604667e-01
1.817620544433593750e+03 1.866147760364601709e+02 6.599903688306048011e-01
1.817641418457031250e+03 1.866870023177363294e+02 6.600372161992928977e-01
1.817662231445312500e+03 1.869879786017606591e+02 6.600425893234772579e-01
1.817683044433593750e+03 1.865504472691528974e+02 6.608247250416784402e-01
1.817703918457031250e+03 1.870663870269286235e+02 6.636174225093451895e-01
1.817724731445312500e+03 1.867295491766393809e+02 6.604694774543360403e-01
1.817745544433593750e+03 1.863167497827900547e+02 6.630394403843814510e-01
1.817766418457031250e+03 1.860620730415178059e+02 6.623282956792654330e-01
1.817787231445312500e+03 1.864287476204260656e+02 6.803004252633051419e-01
1.817808044433593750e+03 1.870967467443401233e+02 6.605292626395374844e-01
1.817828918457031250e+03 1.863493921435643870e+02 6.754751228704291011e-01
1.817849731445312500e+03 1.864167599148741772e+02 6.606562148905654741e-01
1.817870544433593750e+03 1.866364754787252593e+02 6.667307708636384112e-01
1.817891418457031250e+03 1.876089213162379679e+02 6.614502182910768635e-01
1.817912231445312500e+03 1.863466357854638602e+02 6.602528744020764728e-01
1.817933044433593750e+03 1.867822928907142170e+02 6.603970511699300827e-01
1.817953918457031250e+03 1.867266288417506530e+02 6.777024934948804313e-01
1.817974731445312500e+03 1.868641403854975636e+02 6.621686295632989161e-01
1.817995544433593750e+03 1.863057235823387430e+02 6.617023938892513391e-01
1.818016418457031250e+03 1.874204724130733268e+02 6.625862092481987764e-01
1.818037231445312500e+03 1.872776249089363318e+02 6.610212358679115052e-01
1.818058044433593750e+03 1.877279221806726639e+02 6.609222211943053260e-01
1.818078918457031250e+03 1.871466768804523610e+02 6.731843388435135855e-01
1.818099731445312500e+03 1.869740122031687974e+02 6.640567779294487272e-01
1.818120544433593750e+03 1.863200435530280856e+02 6.608500474649686707e-01
1.818141418457031250e+03 1.867815100630756433e+02 6.607575922474608898e-01
1.818162231445312500e+03 1.877597139133535791e+02 6.623708608108889173e-01
1.818183044433593750e+03 1.874058067030770758e+02 6.607341155828538870e-01
1.818203918457031250e+03 1.862462034863964959e+02 6.621840668355705173e-01
1.818224731445312500e+03 1.873298350172127300e+02 6.612433111577212808e-01
1.818245544433593750e+03 1.870041488489987955e+02 6.614283882832060479e-01
1.818266418457031250e+03 1.860757166331201518e+02 6.607471056559774958e-01
1.818287231445312500e+03 1.871423622632740376e+02 6.628990078397730690e-01
1.818308044433593750e+03 1.867185501715113958e+02 6.618107034866168581e-01
1.818328918457031250e+03 1.858983682840298570e+02 6.602160861193191455e-01
1.818349731445312500e+03 1.868711500365758127e+02 6.643450865017708207e-01
1.818370544433593750e+03 1.870071822458652662e+02 6.613453645932062530e-01
1.818391418457031250e+03 1.870492559637621071e+02 6.618580749192037871e-01
1.818412231445312500e+03 1.865377984878624318e+02 6.603170571483633067e-01
1.818433044433593750e+03 1.863924061757376762e+02 6.616670599591153445e-01
1.818453918457031250e+03 1.859516998724323571e+02 6.626275209739812544e-01
1.818474731445312500e+03 1.863116775367224704e+02 6.615955756076978833e-01
1.818495544433593750e+03 1.865817636893701490e+02 6.604136128961696217e-01
1.818516418457031250e+03 1.865138774209301005e+02 6.615338820519029994e-01
1.818537231445312500e+03 1.866345614139327154e+02 6.625443101855826855e-01
1.818558044433593750e+03 1.861243216477566023e+02 6.617890655017171220e-01
1.818578918457031250e+03 1.870688656651466033e+02 6.664878088715424642e-01
1.818599731445312500e+03 1.872492377974045326e+02 6.619417096417362645e-01
1.818620544433593750e+03 1.868700355282489625e+02 6.615667454543228132e-01
1.818641418457031250e+03 1.872243381353869722e+02 6.620151373941938200e-01
1.818662231445312500e+03 1.872454634269913925e+02 6.622464648534384102e-01
1.818683044433593750e+03 1.869071120704386999e+02 6.611865654284385663e-01
1.818703918457031250e+03 1.862924437185160400e+02 6.609045899767281851e-01
1.818724731445312500e+03 1.867438871631255779e+02 6.604963476165235381e-01
1.818745544433593750e+03 1.865890380274504423e+02 6.605779440874813835e-01
1.818766418457031250e+03 1.868804262219184409e+02 6.707890628241521824e-01
1.818787231445312500e+03 1.867395411629836133e+02 6.608548051762014319e-01
1.818808044433593750e+03 1.859984731355588963e+02 6.624667573182044800e-01
1.818828918457031250e+03 1.869300986468610972e+02 6.612932019101612768e-01
1.818849731445312500e+03 1.869467920477285361e+02 6.612027918688592187e-01
1.818870544433593750e+03 1.869736882007150598e+02 6.619359242151546807e-01
1.818891418457031250e+03 1.869829635789679969e+02 6.609679429278069174e-01
1.818912231445312500e+03 1.869287710783348189e+02 6.603130177009745028e-01
1.818933044433593750e+03 1.869486710656461241e+02 6.615409774414683364e-01
1.818953918457031250e+03 1.871602878761016484e+02 6.617646121511205903e-01
1.818974731445312500e+03 1.873670394401786723e+02 6.608771050818120774e-01
1.818995544433593750e+03 1.859726043575006145e+02 6.617717726180547544e-01
1.819016418457031250e+03 1.873451192254225361e+02 6.607443092034734899e-01
1.819037231445312500e+03 1.873416268668354974e+02 6.647022307377298267e-01
1.819058044433593750e+03 1.877056088841227108e+02 6.698647077096832048e-01
1.819078918457031250e+03 1.866621635670556714e+02 6.629213738489136976e-01
1.819099731445312500e+03 1.867226819394920483e+02 6.635636194770671015e-01
1.819120544433593750e+03 1.866986597643185348e+02 6.622886752524731468e-01
1.819141418457031250e+03 1.867777411429976553e+02 6.629155969721013397e-01
1.819162231445312500e+03 1.863633767169075668e+02 6.604253683108605166e-01
1.819183044433593750e+03 1.868719511778912192e+02 6.607878783933830436e-01
1.819203918457031250e+03 1.866369734569947525e+02 6.611150516620527551e-01
1.819224731445312500e+03 1.872203637354407704e+02 6.608023106179007344e-01
1.819245544433593750e+03 1.864026390975215008e+02 6.629681040095181110e-01
1.819266418457031250e+03 1.868698329409379824e+02 6.613455899090465717e-01
1.819287231445312500e+03 1.867640800739638962e+02 6.603450166681907874e-01
1.819308044433593750e+03 1.864031372058486511e+02 6.643296545851635759e-01
1.819328918457031250e+03 1.866304981829076723e+02 6.629121802741858582e-01
1.819349731445312500e+03 1.865877609534763621e+02 6.685790904185969774e-01
1.819370544433593750e+03 1.869068913128712950e+02 6.618878829610009840e-01
1.819391418457031250e+03 1.861949058761369429e+02 6.610476327677583530e-01
1.819412231445312500e+03 1.868652037713672769e+02 6.617495929326216997e-01
1.819433044433593750e+03 1.870385631886763349e+02 6.604685749949865681e-01
1.819453918457031250e+03 1.866123302090935283e+02 6.649016743942821606e-01
1.819474731445312500e+03 1.864414640835358341e+02 6.637316833454447451e-01
1.819495544433593750e+03 1.863209618564154084e+02 6.633490376155029011e-01
1.819516418457031250e+03 1.866348355796488079e+02 6.607384005310344977e-01
1.819537231445312500e+03 1.865694856239360035e+02 6.607002635152737779e-01
1.819558044433593750e+03 1.867971984984758365e+02 6.614489567209699272e-01
1.819578918457031250e+03 1.863485059121707934e+02 6.619842546108913872e-01
1.819599731445312500e+03 1.869280193527577865e+02 6.615985035998731556e-01
1.819620544433593750e+03 1.867332520155944451e+02 6.608561806218814505e-01
1.819641418457031250e+03 1.866029602903458340e+02 6.607074129638240700e-01
1.819662231445312500e+03 1.871821799852138213e+02 6.646060289993980241e-01
1.819683044433593750e+03 1.874974942676553553e+02 6.608322339291304859e-01
1.819703918457031250e+03 1.870567494688158092e+02 6.641163748036204018e-01
1.819724731445312500e+03 1.870435863523240130e+02 6.604706732110747769e-01
1.819745544433593750e+03 1.865545293448931261e+02 6.621476333952646121e-01
1.819766418457031250e+03 1.859835886857642606e+02 6.601547602348898369e-01
1.819787231445312500e+03 1.866872244662588969e+02 6.602987553203613080e-01
1.819808044433593750e+03 1.866919961788915145e+02 6.608716936470675485e-01
1.819828918457031250e+03 1.866302008664143841e+02 6.614944393085706587e-01
1.819849731445312500e+03 1.870420479524146344e+02 6.719906286057338862e-01
1.819870544433593750e+03 1.867403578343854633e+02 6.620372631672332142e-01
1.819891418457031250e+03 1.866334885259287546e+02 6.606304113622968321e-01
1.819912231445312500e+03 1.873029466218110883e+02 6.735365305794324131e-01
1.819933044433593750e+03 1.866434390231112843e+02 6.602246175723643917e-01
1.819953918457031250e+03 1.868382836851219508e+02 6.617323665726679849e-01
1.819974731445312500e+03 1.866030516159375168e+02 6.609402803042396801e-01
1.819995544433593750e+03 1.874034042664734159e+02 6.624848867887789261e-01
1.820016418457031250e+03 1.868018482307547572e+02 6.636126621498421585e-01
1.820037231445312500e+03 1.870308853475213766e+02 6.611567032299461300e-01
1.820058044433593750e+03 1.863627978773317295e+02 6.643534976425884420e-01
1.820078918457031250e+03 1.870697489817633539e+02 6.622282838526206694e-01
1.820099731445312500e+03 1.868576213174480927e+02 6.609603679479536531e-01
1.820120544433593750e+03 1.862890033513418473e+02 6.619663140234511856e-01
1.820141418457031250e+03 1.872782351556843992e+02 6.614950249975749541e-01
1.820162231445312500e+03 1.870992702407505419e+02 6.636905750606120202e-01
1.820183044433593750e+03 1.877378693146673356e+02 6.621950257302589016e-01
1.820203918457031250e+03 1.871143706474481974e+02 6.625874011849186562e-01
1.820224731445312500e+03 1.867766216956667620e+02 6.611941378168570971e-01
1.820245544433593750e+03 1.866879244288436439e+02 6.603524181830913165e-01
1.820266418457031250e+03 1.866114391885461998e+02 6.619028990415650737e-01
1.820287231445312500e+03 1.872929876517688683e+02 6.620433403101378955e-01
1.820308044433593750e+03 1.863722144104446841e+02 6.607542094941988298e-01
1.820328918457031250e+03 1.873315792566268385e+02 6.610130077545143257e-01
1.820349731445312500e+03 1.867350102923386146e+02 6.606090053978764809e-01
1.820370544433593750e+03 1.868058661912101286e+02 6.616012513961281316e-01
1.820391418457031250e+03 1.861111994900860225e+02 6.610722478851343009e-01
1.820412231445312500e+03 1.865467376708984375e+02 6.605790945324303554e-01
1.820433044433593750e+03 1.868660713323872926e+02 6.606133588272283808e-01
1.820453918457031250e+03 1.867368347772036543e+02 6.611552157191331602e-01
1.820474731445312500e+03 1.864145457061842990e+02 6.655875477529843431e-01
1.820495544433593750e+03 1.865557768217929606e+02 6.758820342834958028e-01
1.820516418457031250e+03 1.868473288506098982e+02 6.607187346452253474e-01
1.820537231445312500e+03 1.869782811289113909e+02 6.610328001390899377e-01
1.820558044433593750e+03 1.868479148036213928e+02 6.619086847568038667e-01
1.820578918457031250e+03 1.860397421840380900e+02 6.604873007738225610e-01
1.820599731445312500e+03 1.864962369936145592e+02 6.624075744143440581e-01
1.820620544433593750e+03 1.876009219209952903e+02 6.637511252628996994e-01
1.820641418457031250e+03 1.867657392195793022e+02 6.686259600321691199e-01
1.820662231445312500e+03 1.861346274752978047e+02 6.603828582974858863e-01
1.820683044433593750e+03 1.870972318254928268e+02 6.629780609965860716e-01
1.820703918457031250e+03 1.874490560704339828e+02 6.620610312308087275e-01
1.820724731445312500e+03 1.863188498816190588e+02 6.610494361041752143e-01
1.820745544433593750e+03 1.867957267213037653e+02 6.613252661114280562e-01
1.820766418457031250e+03 1.873253228065325686e+02 6.622591552562359096e-01
1.820787231445312500e+03 1.862255305747333693e+02 6.611597458552762596e-01
1.820808044433593750e+03 1.866371926201928204e+02 6.611498516371951961e-01
1.820828918457031250e+03 1.868117611156125122e+02 6.604986262281917764e-01
1.820849731445312500e+03 1.867738635626103019e+02 6.606736723005216527e-01
1.820870544433593750e+03 1.860566000679335730e+02 6.637106019161180814e-01
1.820891418457031250e+03 1.867323562588050549e+02 6.622946825905771107e-01
1.820912231445312500e+03 1.866473383022127166e+02 6.624265378132638826e-01
1.820933044433593750e+03 1.869351352306692036e+02 6.610167047825199482e-01
1.820953918457031250e+03 1.871652098267557278e+02 6.613624658472940787e-01
1.820974731445312500e+03 1.862926118586949542e+02 6.609318257261874718e-01
1.820995544433593750e+03 1.866376633570152990e+02 6.657547425814891451e-01
1.821016418457031250e+03 1.867559474028194302e+02 6.642628984444464146e-01
1.821037231445312500e+03 1.868564377846847435e+02 6.616860671005811989e-01
1.821058044433593750e+03 1.868158458891216469e+02 6.626822319954664975e-01
1.821078918457031250e+03 1.862241624765534311e+02 6.602684241702986290e-01
1.821099731445312500e+03 1.868221183886822416e+02 6.650349397013359809e-01
1.821120544433593750e+03 1.863595734527129366e+02 6.602334423191758006e-01
1.821162231445312500e+03 1.872721251265837168e+02 6.724692090157584623e-01
1.821183044433593750e+03 1.870689403422831276e+02 6.630217980444982340e-01
1.821203918457031250e+03 1.870031562118720672e+02 6.630142240551968325e-01
1.821224731445312500e+03 1.865567055335752684e+02 6.632303521675102509e-01
1.821245544433593750e+03 1.871021011660522220e+02 6.616575111417138944e-01
1.821266418457031250e+03 1.870789501531522774e+02 6.629806232670342192e-01
1.821287231445312500e+03 1.863854724176401305e+02 6.608672066321557015e-01
1.821308044433593750e+03 1.871387550802671740e+02 6.606268249529819725e-01
1.821328918457031250e+03 1.869493845762914646e+02 6.618161297589733039e-01
1.821349731445312500e+03 1.868019228232295745e+02 6.618419996325176635e-01
1.821370544433593750e+03 1.866263772300416974e+02 6.613293895044647375e-01
1.821391418457031250e+03 1.866853036795282037e+02 6.606528767286309334e-01
1.821412231445312500e+03 1.864905819774454869e+02 6.620026223874084792e-01
1.821433044433593750e+03 1.864889751919756691e+02 6.616644250397781812e-01
1.821453918457031250e+03 1.864958412778129855e+02 6.605998924269720352e-01
1.821474731445312500e+03 1.862018091288926769e+02 6.608003487558922195e-01
1.821495544433593750e+03 1.868122087887769283e+02 6.620855861655099428e-01
1.821516418457031250e+03 1.867228256753963080e+02 6.636192188625475996e-01
1.821537231445312500e+03 1.868169937189645395e+02 6.606579516303068278e-01
1.821558044433593750e+03 1.868090617938355820e+02 6.640972577142812971e-01
1.821578918457031250e+03 1.868741511591158826e+02 6.607091495689861871e-01
1.821599731445312500e+03 1.869636227642047288e+02 6.604763361050943749e-01
1.821620544433593750e+03 1.866401311084341614e+02 6.620471441230515453e-01
1.821641418457031250e+03 1.863667787017570276e+02 6.623340326826104851e-01
1.821662231445312500e+03 1.867006971620667173e+02 6.631507898002269030e-01
1.821683044433593750e+03 1.878342483141258867e+02 6.634466120147618495e-01
1.821703918457031250e+03 1.865474527691390847e+02 6.605154786862699190e-01
1.821724731445312500e+03 1.866273826042626638e+02 6.608026714194751294e-01
1.821745544433593750e+03 1.870324327770811692e+02 6.616251477331980269e-01
1.821766418457031250e+03 1.860397954596816987e+02 6.608831928929356225e-01
1.821787231445312500e+03 1.865615150853167847e+02 6.606321256139600084e-01
1.821808044433593750e+03 1.872128551278142368e+02 6.637343774095660898e-01
1.821828918457031250e+03 1.868427094048444133e+02 6.610220023170955139e-01
1.821849731445312500e+03 1.869289722735015857e+02 6.614767332346342954e-01
1.821870544433593750e+03 1.871305167606961106e+02 6.733242860231879456e-01
1.821891418457031250e+03 1.863740767985649711e+02 6.612627586330925844e-01
1.821912231445312500e+03 1.863377484183622244e+02 6.619760384674553411e-01
1.821933044433593750e+03 1.869910683282207913e+02 6.607265379222586610e-01
1.821953918457031250e+03 1.864157265444092388e+02 6.630446318625204949e-01
1.821974731445312500e+03 1.871096363366929722e+02 6.616244945931392119e-01
1.821995544433593750e+03 1.867442821653643250e+02 6.618292336855299274e-01
1.822016418457031250e+03 1.866811857251749416e+02 6.613090652089643751e-01
1.822037231445312500e+03 1.866522158570321892e+02 6.612297899803021295e-01
1.822058044433593750e+03 1.865387322562697534e+02 6.611320461792780101e-01
1.822078918457031250e+03 1.866844830899610770e+02 6.628314781439569314e-01
1.822099731445312500e+03 1.860033230176654229e+02 6.617977568064715710e-01
1.822120544433593750e+03 1.866105667634199392e+02 6.615943818840925861e-01
1.822141418457031250e+03 1.869093801002802309e+02 6.621709474274323215e-01
1.822162231445312500e+03 1.860781852588165179e+02 6.606426816972216232e-01
1.822183044433593750e+03 1.868826857758152471e+02 6.608833056296498087e-01
1.822203918457031250e+03 1.864407145019589223e+02 6.642842315292509792e-01
1.822224731445312500e+03 1.866346406928367969e+02 6.625431181713405948e-01
1.822245544433593750e+03 1.869571027164784027e+02 6.620986397472145013e-01
1.822266418457031250e+03 1.871692605847744915e+02 6.621060891759129596e-01
1.822287231445312500e+03 1.867214032723465209e+02 6.623466539150544286e-01
1.822308044433593750e+03 1.864327405938671234e+02 6.632534259401392518e-01
1.822328918457031250e+03 1.867275944406634380e+02 6.611243378449641606e-01
1.822349731445312500e+03 1.864169863052291305e+02 6.751682169020775115e-01
1.822370544433593750e+03 1.864878174795635744e+02 6.625785178313897683e-01
1.822391418457031250e+03 1.866418492888240053e+02 6.653018605827049070e-01
1.822412231445312500e+03 1.870331941650758267e+02 6.655415836414499964e-01
1.822433044433593750e+03 1.865495680540887236e+02 6.604371009537375325e-01
1.822453918457031250e+03 1.875334880250086655e+02 6.672919341281430272e-01
1.822474731445312500e+03 1.867316082815193852e+02 6.609663422696552271e-01
1.822495544433593750e+03 1.872918662920233714e+02 6.613748127229230889e-01
1.822516418457031250e+03 1.871223211895158727e+02 6.612682344702396353e-01
1.822537231445312500e+03 1.869701164180898729e+02 6.614377601808297813e-01
1.822558044433593750e+03 1.860168940172640362e+02 6.612727638321328483e-01
1.822578918457031250e+03 1.867018889050085590e+02 6.608191102322445998e-01
1.822599731445312500e+03 1.866955946927150478e+02 6.721745643807549575e-01
1.822620544433593750e+03 1.873356874194142847e+02 6.631033983586188674e-01
1.822641418457031250e+03 1.862591782405327763e+02 6.611582132753786034e-01
1.822662231445312500e+03 1.869989293795730987e+02 6.632432933501363204e-01
1.822683044433593750e+03 1.870796584007289880e+02 6.639165830178406225e-01
1.822703918457031250e+03 1.870894193721692886e+02 6.668340626801374516e-01
1.822724731445312500e+03 1.875602057036471990e+02 6.609539877636404492e-01
1.822745544433593750e+03 1.866191817018008976e+02 6.642632573663660445e-01
1.822766418457031250e+03 1.867359701736118041e+02 6.610869218459693997e-01
1.822787231445312500e+03 1.864338784195080621e+02 6.604139739100998163e-01
1.822808044433593750e+03 1.867654220877251134e+02 6.615503477440900504e-01
1.822828918457031250e+03 1.867357428828075285e+02 6.701260803219640794e-01
1.822849731445312500e+03 1.872087009879961386e+02 6.609136536537182360e-01
1.822870544433593750e+03 1.869482265806360601e+02 6.618648066109485972e-01
1.822891418457031250e+03 1.862431014581315196e+02 6.625716584516070373e-01
1.822912231445312500e+03 1.866217490004034687e+02 6.634243760178715199e-01
1.822933044433593750e+03 1.862963092368992193e+02 6.680667426079610616e-01
1.822953918457031250e+03 1.869782183515425800e+02 6.620243884431711301e-01
1.822974731445312500e+03 1.863212161682430974e+02 6.622126000882820884e-01
1.822995544433593750e+03 1.862140788679419643e+02 6.611284624911707430e-01
1.823016418457031250e+03 1.866260908291927194e+02 6.676487965059514362e-01
1.823037231445312500e+03 1.863297391964491112e+02 6.606894151506317314e-01
1.823058044433593750e+03 1.863067420346162635e+02 6.614246935563019569e-01
1.823078918457031250e+03 1.871258752392114957e+02 6.676580810878863792e-01
1.823099731445312500e+03 1.872146804610751758e+02 6.611931912730475425e-01
1.823120544433593750e+03 1.867389274188685704e+02 6.650256409039945193e-01
1.823141418457031250e+03 1.870714919181822324e+02 6.620924505810763527e-01
1.823162231445312500e+03 1.866325116248695508e+02 6.621686295632989161e-01
1.823183044433593750e+03 1.868182063936266104e+02 6.622755579165848783e-01
1.823203918457031250e+03 1.870633619019998264e+02 6.617009076051568739e-01
1.823224731445312500e+03 1.868073587111983898e+02 6.619017734101555472e-01
1.823245544433593750e+03 1.866565124006623364e+02 6.615009269116770563e-01
1.823266418457031250e+03 1.868088758460674228e+02 6.619497461231608204e-01
1.823287231445312500e+03 1.865672131619367917e+02 6.604992128002202811e-01
1.823308044433593750e+03 1.867204370845026347e+02 6.604877068691686892e-01
1.823328918457031250e+03 1.872012410508132234e+02 6.626062919711750432e-01
1.823349731445312500e+03 1.867009030650543195e+02 6.612102288543045825e-01
1.823370544433593750e+03 1.873102071489167599e+02 6.638968092708847912e-01
1.823391418457031250e+03 1.865740740210781894e+02 6.624072819733367590e-01
1.823412231445312500e+03 1.869430521882984522e+02 6.608747150369299606e-01
1.823433044433593750e+03 1.873749226435613480e+02 6.617661208094012260e-01
1.823453918457031250e+03 1.865210498658511256e+02 6.620467389842545902e-01
1.823474731445312500e+03 1.864607143570583503e+02 6.611934842510381882e-01
1.823495544433593750e+03 1.867489748488534360e+02 6.622180230674625800e-01
1.823516418457031250e+03 1.865321249167421342e+02 6.647436127070661671e-01
1.823537231445312500e+03 1.864249795487013444e+02 6.611312573187834163e-01
1.823558044433593750e+03 1.865488088533328721e+02 6.615501675472144072e-01
1.823578918457031250e+03 1.869595075355280756e+02 6.610336342015089572e-01
1.823599731445312500e+03 1.864080531381295600e+02 6.610644486888992422e-01
1.823620544433593750e+03 1.874183343127078274e+02 6.619069512987895143e-01
1.823641418457031250e+03 1.872458649438764553e+02 6.628508565434618749e-01
1.823662231445312500e+03 1.870014584827090687e+02 6.610703995290279078e-01
1.823683044433593750e+03 1.867636621842110856e+02 6.628125263305831849e-01
1.823703918457031250e+03 1.867285539699052777e+02 6.626260817410458692e-01
1.823724731445312500e+03 1.870692884337497901e+02 6.627281920587456687e-01
1.823745544433593750e+03 1.866645567125760579e+02 6.624882157195360888e-01
1.823766418457031250e+03 1.858022046831715954e+02 6.617222332102719040e-01
1.823787231445312500e+03 1.861890246953396399e+02 6.704424067531333797e-01
1.823808044433593750e+03 1.865486211317582388e+02 6.603954942560514851e-01
1.823828918457031250e+03 1.866763537596410742e+02 6.607429335249146440e-01
1.823849731445312500e+03 1.861337328844026615e+02 6.602948963005015326e-01
1.823870544433593750e+03 1.865986542369687413e+02 6.618914625373675253e-01
1.823891418457031250e+03 1.856116222941830358e+02 6.601775803590416158e-01
1.823912231445312500e+03 1.865308925567556741e+02 6.623143466795206047e-01
1.823933044433593750e+03 1.872968047001671721e+02 6.623874406742309429e-01
1.823953918457031250e+03 1.876007694840349416e+02 6.672226827310008268e-01
1.823974731445312500e+03 1.866546650397509950e+02 6.741542303480962950e-01
1.823995544433593750e+03 1.871768875753840007e+02 6.605704323094462316e-01
1.824016418457031250e+03 1.869405915411047374e+02 6.607975976292419507e-01
1.824037231445312500e+03 1.863833154749334255e+02 6.647601782230088130e-01
1.824058044433593750e+03 1.871165293902798510e+02 6.609038008447398749e-01
1.824078918457031250e+03 1.865209608848804521e+02 6.611042551834732661e-01
1.824099731445312500e+03 1.867772304062413582e+02 6.610730818977829104e-01
1.824120544433593750e+03 1.870097141984964253e+02 6.637830033870677493e-01
1.824141418457031250e+03 1.867560130768040096e+02 6.606259903769526876e-01
1.824162231445312500e+03 1.857606800745418525e+02 6.624591994767485836e-01
1.824183044433593750e+03 1.863015306835739295e+02 6.611663043555896513e-01
1.824203918457031250e+03 1.864121762875078616e+02 6.625916291695762572e-01
1.824224731445312500e+03 1.866330689322071521e+02 6.603909814414615775e-01
1.824245544433593750e+03 1.864555625677720343e+02 6.608532718891181323e-01
1.824266418457031250e+03 1.870227845795845099e+02 6.662103586409667821e-01
1.824287231445312500e+03 1.865161532750689446e+02 6.608399682194956437e-01
1.824308044433593750e+03 1.870934652910377736e+02 6.608451093303546742e-01
1.824328918457031250e+03 1.864955468595912293e+02 6.604154179638470623e-01
1.824349731445312500e+03 1.867737044875977972e+02 6.621084747758445577e-01
1.824370544433593750e+03 1.867865214177680286e+02 6.608095717116735379e-01
1.824391418457031250e+03 1.870360719697221441e+02 6.615015801737417211e-01
1.824412231445312500e+03 1.868600876362274050e+02 6.610514423101583326e-01
1.824433044433593750e+03 1.866991289113223047e+02 6.607377014098073653e-01
1.824453918457031250e+03 1.862309574893732247e+02 6.601963143916366183e-01
1.824474731445312500e+03 1.867197826799211100e+02 6.611325645728047817e-01
1.824495544433593750e+03 1.870833458269475500e+02 6.612529786300636037e-01
1.824516418457031250e+03 1.870560638523652415e+02 6.624012081693835263e-01
1.824537231445312500e+03 1.867002961880141925e+02 6.624292821747834736e-01
1.824558044433593750e+03 1.871032608100452705e+02 6.610039454398662917e-01
1.824578918457031250e+03 1.870041155215658648e+02 6.629381197637604917e-01
1.824599731445312500e+03 1.873466238790386740e+02 6.625851972247722710e-01
1.824620544433593750e+03 1.873159960111479450e+02 6.618983739916788345e-01
1.824641418457031250e+03 1.870143219605719196e+02 6.612692485091796746e-01
1.824662231445312500e+03 1.869103397573164500e+02 6.627373207329908533e-01
1.824683044433593750e+03 1.869160001135093410e+02 6.609789219855799480e-01
1.824703918457031250e+03 1.865415969061792225e+02 6.616035036796295010e-01
1.824724731445312500e+03 1.860611335587039434e+02 6.623590499359879313e-01
1.824745544433593750e+03 1.866145679996662068e+02 6.602741565033541926e-01
1.824766418457031250e+03 1.869523285430554438e+02 6.609842874546623115e-01
1.824787231445312500e+03 1.867255585634552517e+02 6.615132036253768000e-01
1.824808044433593750e+03 1.872788568878606839e+02 6.791753264228097553e-01
1.824828918457031250e+03 1.870330533066033922e+02 6.618507577853018908e-01
1.824849731445312500e+03 1.866983938303276602e+02 6.605057101786163676e-01
1.824870544433593750e+03 1.868847356705963136e+02 6.629809154551404848e-01
1.824891418457031250e+03 1.868554997632038805e+02 6.624130632831430887e-01
1.824912231445312500e+03 1.866584162815678383e+02 6.615898547240537386e-01
1.824933044433593750e+03 1.862959693978092446e+02 6.605979299638163882e-01
1.824953918457031250e+03 1.868286516072997756e+02 6.652418323217579310e-01
1.824974731445312500e+03 1.865081343186895708e+02 6.629491336248053424e-01
1.824995544433593750e+03 1.865442643807976424e+02 6.607233354324295593e-01
1.825016418457031250e+03 1.866208494170866174e+02 6.614591393253091978e-01
1.825037231445312500e+03 1.868556205791939249e+02 6.609571665910849436e-01
1.825058044433593750e+03 1.866417099605095302e+02 6.608570149072104938e-01
1.825078918457031250e+03 1.863935468713878549e+02 6.629867591902247614e-01
1.825099731445312500e+03 1.864280400705065119e+02 6.609526350664738370e-01
1.825120544433593750e+03 1.861544344843391059e+02 6.612077949410034572e-01
1.825141418457031250e+03 1.871413151977663176e+02 6.624395846764083995e-01
1.825162231445312500e+03 1.871097497795172160e+02 6.614604008759953357e-01
1.825183044433593750e+03 1.867886394950069757e+02 6.623995884789234401e-01
1.825203918457031250e+03 1.865191434017622498e+02 6.689965221545565166e-01
1.825224731445312500e+03 1.867264767003128156e+02 6.622214883504053962e-01
1.825245544433593750e+03 1.867248279350881432e+02 6.644046799426005512e-01
1.825266418457031250e+03 1.867654291457539841e+02 6.608953458000200731e-01
1.825287231445312500e+03 1.872904209549463133e+02 6.625127773132394315e-01
1.825308044433593750e+03 1.868920646178363825e+02 6.614360705456376888e-01
1.825328918457031250e+03 1.868920293774641266e+02 6.611461102769711218e-01
1.825349731445312500e+03 1.863264778741917382e+02 6.607987927922266413e-01
1.825370544433593750e+03 1.864237060120917135e+02 6.620175908480028237e-01
1.825391418457031250e+03 1.863980329039121102e+02 6.606698605798312363e-01
1.825412231445312500e+03 1.867174794039302697e+02 6.611338943630366005e-01
1.825433044433593750e+03 1.872597054450052951e+02 6.627119130271048597e-01
1.825453918457031250e+03 1.868603295783480860e+02 6.621549022404659146e-01
1.825474731445312500e+03 1.865066412326096668e+02 6.639544455186313643e-01
1.825495544433593750e+03 1.874193082464411759e+02 6.621562749855555152e-01
1.825516418457031250e+03 1.873580986030237341e+02 6.787738139715226993e-01
1.825537231445312500e+03 1.873270022515046378e+02 6.618358530961870878e-01
1.825558044433593750e+03 1.872416447885358650e+02 6.637278891865959762e-01
1.825578918457031250e+03 1.874840307392902901e+02 6.622541601267092348e-01
1.825599731445312500e+03 1.865531987381153556e+02 6.631544749102854519e-01
1.825620544433593750e+03 1.867248679164165139e+02 6.607252298649078925e-01
1.825641418457031250e+03 1.865908237117569399e+02 6.604930086466124228e-01
1.825662231445312500e+03 1.856263844600602511e+02 6.598771763798382262e-01
1.825683044433593750e+03 1.865158660253725884e+02 6.607615838740357184e-01
1.825703918457031250e+03 1.860325589686870842e+02 6.609135183758708676e-01
1.825724731445312500e+03 1.872774015717710938e+02 6.674768298481756901e-01
1.825745544433593750e+03 1.875431828022894081e+02 6.631456665644135384e-01
1.825766418457031250e+03 1.859907126862141808e+02 6.610168174964635712e-01
1.825787231445312500e+03 1.864561749415458678e+02 6.625648664711644154e-01
1.825808044433593750e+03 1.864992510433810082e+02 6.625189850444144213e-01
1.825828918457031250e+03 1.872808131487595347e+02 6.625403742813502639e-01
1.825849731445312500e+03 1.870153546575704695e+02 6.630991736370512868e-01
1.825870544433593750e+03 1.866626906846740042e+02 6.618760184405364511e-01
1.825891418457031250e+03 1.868713438070412565e+02 6.748394439623478513e-01
1.825912231445312500e+03 1.867893706457589644e+02 6.616753249798996706e-01
1.825933044433593750e+03 1.863170447857217198e+02 6.656572826598300407e-01
1.825953918457031250e+03 1.860337356959074668e+02 6.638759350964915651e-01
1.825974731445312500e+03 1.876081338517249719e+02 6.621689221097049050e-01
1.825995544433593750e+03 1.868460274690448557e+02 6.628822159781719847e-01
1.826016418457031250e+03 1.866391041579780676e+02 6.619632751054035369e-01
1.826037231445312500e+03 1.867199699686406973e+02 6.616173325322634025e-01
1.826058044433593750e+03 1.868698644448375887e+02 6.623346176291795562e-01
1.826078918457031250e+03 1.864311544223486692e+02 6.636441876685373886e-01
1.826099731445312500e+03 1.872391151887790670e+02 6.727690625376565592e-01
1.826120544433593750e+03 1.867171400895728084e+02 6.634730022560613172e-01
1.826162231445312500e+03 1.865239156853507154e+02 6.627014798462858014e-01
1.826183044433593750e+03 1.871470995575306802e+02 6.630417102564475362e-01
1.826203918457031250e+03 1.866063942613362201e+02 6.639746439541965861e-01
1.826224731445312500e+03 1.866713540603081185e+02 6.621155640079360305e-01
1.826245544433593750e+03 1.868147403196404355e+02 6.639414508669351234e-01
1.826266418457031250e+03 1.867073136855538849e+02 6.748847306693402937e-01
1.826287231445312500e+03 1.870565202246034744e+02 6.636333425201899061e-01
1.826308044433593750e+03 1.871479392691468888e+02 6.770640639473067823e-01
1.826328918457031250e+03 1.866819596489206106e+02 6.678397070733905760e-01
1.826349731445312500e+03 1.867445078160070295e+02 6.630976230675958982e-01
1.826370544433593750e+03 1.866415775132313115e+02 6.637806911520928166e-01
1.826391418457031250e+03 1.869949530870349008e+02 6.654328064303787205e-01
1.826412231445312500e+03 1.865505430360444450e+02 6.635617556043654774e-01
1.826433044433593750e+03 1.869379804627297688e+02 6.645263398305463198e-01
1.826453857421875000e+03 1.861949687282609602e+02 6.633525419169706838e-01
1.826474670410156250e+03 1.861822903070069231e+02 6.637031929480735615e-01
1.826495544433593750e+03 1.870350049226855162e+02 6.658441317195499254e-01
1.826516357421875000e+03 1.865689480193614429e+02 6.648933374221700499e-01
1.826537170410156250e+03 1.874417337952994274e+02 6.675458539793301949e-01
1.826558044433593750e+03 1.866786359268703279e+02 6.669100575406986531e-01
1.826578857421875000e+03 1.869811985571304263e+02 6.659401546015429885e-01
1.826599670410156250e+03 1.872475601162456087e+02 6.665177899266542250e-01
1.826620544433593750e+03 1.863188930857646426e+02 6.782928716072111897e-01
1.826641357421875000e+03 1.863379823404461035e+02 6.671578912172942966e-01
1.826662170410156250e+03 1.865215717643360733e+02 6.665902665190157617e-01
1.826683044433593750e+03 1.870715458558090916e+02 6.681836769594796666e-01
1.826703857421875000e+03 1.863231261440846254e+02 6.680223989971481036e-01
1.826724670410156250e+03 1.873141639123343509e+02 6.686937736333168347e-01
1.829266357421875000e+03 1.866487296633102630e+02 6.812927101465859892e-01
1.829287170410156250e+03 1.861474699567960158e+02 6.815799369138166863e-01
1.829308044433593750e+03 1.876334180948979053e+02 6.837392379708805423e-01
1.829328857421875000e+03 1.868608594279089914e+02 6.918417857329302034e-01
1.829349670410156250e+03 1.866558880044225930e+02 6.855551564295139233e-01
1.829370544433593750e+03 1.866256984404912771e+02 6.925942941360666572e-01
1.829391357421875000e+03 1.870995972182962248e+02 6.834551643492380313e-01
1.829412170410156250e+03 1.865104422159536171e+02 6.844109800103970187e-01
1.829433044433593750e+03 1.867986942484505448e+02 6.840651712239104176e-01
1.829453857421875000e+03 1.867280412847934201e+02 6.849184117143160000e-01
1.829474670410156250e+03 1.862243052162651225e+02 6.861507223404977873e-01
1.829495544433593750e+03 1.867264996692221644e+02 6.849619660643073704e-01
1.829516357421875000e+03 1.860687856578908850e+02 6.878293072364144445e-01
1.829537170410156250e+03 1.865485720056854007e+02 6.889933925583130447e-01
1.829558044433593750e+03 1.872717089268762720e+02 6.864185280226027253e-01
1.829578857421875000e+03 1.867932883124535408e+02 6.918610838650987027e-01
1.829599670410156250e+03 1.875925834828712482e+02 6.887162893668388186e-01
1.829620544433593750e+03 1.881451127364548483e+02 6.903324733208727748e-01
1.829641357421875000e+03 1.868572156474878057e+02 6.897760558908592188e-01
1.829662170410156250e+03 1.866157105192541792e+02 6.912970591387225250e-01
1.829683044433593750e+03 1.875068461377044571e+02 6.890223727144229038e-01
1.829703857421875000e+03 1.867477027763201249e+02 6.980319046609700928e-01
1.829724670410156250e+03 1.867000431381072190e+02 6.909050930157922821e-01
1.829745544433593750e+03 1.864760625305972042e+02 7.058871375125127523e-01
1.829766357421875000e+03 1.864274029883656283e+02 6.929881001795288320e-01
1.829787170410156250e+03 1.871870686048755488e+02 6.886496035587534870e-01
1.829808044433593750e+03 1.869045608674923926e+02 6.902887181562752383e-01
1.829828857421875000e+03 1.866668419941741206e+02 6.881238750964817630e-01
1.829849670410156250e+03 1.865569578133426205e+02 6.881232254532082537e-01
1.829870544433593750e+03 1.865558104330182232e+02 6.913543293741860607e-01
1.829891357421875000e+03 1.864181089694061200e+02 6.880139683841316467e-01
1.829912170410156250e+03 1.871282412818756882e+02 6.906569564123240523e-01
1.829933044433593750e+03 1.872984028393831011e+02 6.878663300833137706e-01
1.829953857421875000e+03 1.863945494804987959e+02 6.875855869425340217e-01
1.829974670410156250e+03 1.873449547539794366e+02 6.881232904175631493e-01
1.829995544433593750e+03 1.865324058373997786e+02 6.870099835621299444e-01
1.830016357421875000e+03 1.869967359651939205e+02 6.884209576600660574e-01
1.830037170410156250e+03 1.865796559511800865e+02 6.875591252652193397e-01
1.830058044433593750e+03 1.865030476991145747e+02 6.842345585709677103e-01
1.830078857421875000e+03 1.860599419186735872e+02 6.838910573483728550e-01
1.830099670410156250e+03 1.858323727201489248e+02 6.866108823735000977e-01
1.830120544433593750e+03 1.861304361712420530e+02 6.947616366674405075e-01
1.830141357421875000e+03 1.874925165243545848e+02 6.833788724782244861e-01
1.830162170410156250e+03 1.870390387452365815e+02 6.822752962745050054e-01
1.830183044433593750e+03 1.860922447730154374e+02 6.817957747996818973e-01
1.830203857421875000e+03 1.871312036385114084e+02 6.835216811201008102e-01
1.830224670410156250e+03 1.876986359755944704e+02 6.814333756402585207e-01
1.830245544433593750e+03 1.865595711148363307e+02 6.829106869143869440e-01
1.830266357421875000e+03 1.865014849015182392e+02 6.801781034738041409e-01
1.830287170410156250e+03 1.868825787846903381e+02 6.792004034716258021e-01
1.830308044433593750e+03 1.865486369503689446e+02 6.885530253486743524e-01
1.830328857421875000e+03 1.867653347684350535e+02 6.801517041416156317e-01
1.830349670410156250e+03 1.869698788183289366e+02 6.784917683379639852e-01
1.830370483398437500e+03 1.864189284381281482e+02 6.789017223913932364e-01
1.830391296386718750e+03 1.871091136001531368e+02 6.776787023186983117e-01
1.830412170410156250e+03 1.867752120084603860e+02 6.942627944728902989e-01
1.830432983398437500e+03 1.866297566611212062e+02 6.795102907879413401e-01
1.830453796386718750e+03 1.864887439773650613e+02 6.817650886295558710e-01
1.830474670410156250e+03 1.861603703867575916e+02 6.748668459848164991e-01
1.830495483398437500e+03 1.874263291440541366e+02 6.780316143514010241e-01
1.830516296386718750e+03 1.864361389717578561e+02 6.776366809273772773e-01
1.830537170410156250e+03 1.858696708686128716e+02 6.752680555314406474e-01
1.830557983398437500e+03 1.866314333782329413e+02 6.745808695307744518e-01
1.830578796386718750e+03 1.863393000264034356e+02 6.738168024411035351e-01
1.830599670410156250e+03 1.865235034114844552e+02 6.734524329138494858e-01
1.830620483398437500e+03 1.870054753941157060e+02 6.735492958685328491e-01
1.830641296386718750e+03 1.872672624576879059e+02 6.741066619597049225e-01
1.830662170410156250e+03 1.869959335122153732e+02 6.810245517094458689e-01
1.830682983398437500e+03 1.866336762803307465e+02 6.716617423209131355e-01
1.830703796386718750e+03 1.868501421683435240e+02 6.713662772101176568e-01
1.830724670410156250e+03 1.867363537612627908e+02 6.785140595887463322e-01
1.830745483398437500e+03 1.864826467043079674e+02 6.707166400451985977e-01
1.830766296386718750e+03 1.865682263774592400e+02 6.720272823128807804e-01
1.830787170410156250e+03 1.865370032869070371e+02 6.767091059256286067e-01
1.830807983398437500e+03 1.871428178771327850e+02 6.724932731235255812e-01
1.830828796386718750e+03 1.867387285161596537e+02 6.730568493742171698e-01
1.830849670410156250e+03 1.862217268493019731e+02 6.697647533279810217e-01
1.830870483398437500e+03 1.871291622929086884e+02 6.706239008116802180e-01
1.830891296386718750e+03 1.871697908120378600e+02 6.695186413498009914e-01
1.830912170410156250e+03 1.870073880669902735e+02 6.747809708177374688e-01
1.830932983398437500e+03 1.869521942207412337e+02 6.704809675168091898e-01
1.830953796386718750e+03 1.868174603294373242e+02 6.686154631289162875e-01
1.830974670410156250e+03 1.864825891213860700e+02 6.722133804581389427e-01
1.830995483398437500e+03 1.865027318154540126e+02 6.684684223015351368e-01
1.831016296386718750e+03 1.862187387657038471e+02 6.678343966816502331e-01
1.831037170410156250e+03 1.864284539300425649e+02 6.685900782167617518e-01
1.831057983398437500e+03 1.864809959699554156e+02 6.686376824936773877e-01
1.831078796386718750e+03 1.867744367861169792e+02 6.678210982044523458e-01
1.831099670410156250e+03 1.869648306372400270e+02 6.687582826547107118e-01
1.831120483398437500e+03 1.866952352679368516e+02 6.666234171269364017e-01
1.831141296386718750e+03 1.862319692190986302e+02 6.662333068402503944e-01
1.831162170410156250e+03 1.870619704934836989e+02 6.768825135381981717e-01
1.831182983398437500e+03 1.868826254871655408e+02 6.680945785419543093e-01
1.831203796386718750e+03 1.865305762139712726e+02 6.781079145116190032e-01
1.831224670410156250e+03 1.877556314872786061e+02 6.693822171831047552e-01
1.831245483398437500e+03 1.866095177551624431e+02 6.679698877157594916e-01
1.831266296386718750e+03 1.866426308481202057e+02 6.653615250986862906e-01
1.831287170410156250e+03 1.866342761013900144e+02 6.666836115551240116e-01
1.831307983398437500e+03 1.868525904723074689e+02 6.689948961579286202e-01
1.831328796386718750e+03 1.862240015074245321e+02 6.648259654731412116e-01
1.831349670410156250e+03 1.870350428750833487e+02 6.647058624112931469e-01
1.831370483398437500e+03 1.868375565717889799e+02 6.653838755180295772e-01
1.831391296386718750e+03 1.869578814304313141e+02 6.643682112755148195e-01
1.831412170410156250e+03 1.873742064731119967e+02 6.649976316926129449e-01
1.831432983398437500e+03 1.865109441615022661e+02 6.642399943383859862e-01
1.831453796386718750e+03 1.873132340017620265e+02 6.643160616407491892e-01
1.831474670410156250e+03 1.864865051913661489e+02 6.670396824203425057e-01
1.831495483398437500e+03 1.868140457322629118e+02 6.651592846174601004e-01
1.831516296386718750e+03 1.867794061162079515e+02 6.639908471438941140e-01
1.831537170410156250e+03 1.872231099990360690e+02 6.636061727368353091e-01
1.831557983398437500e+03 1.865410482455654062e+02 6.633253606320334006e-01
1.831578796386718750e+03 1.869486684674515118e+02 6.704630764872547832e-01
1.831599670410156250e+03 1.869756576947125097e+02 6.635546144532704638e-01
1.831620483398437500e+03 1.866146012610083176e+02 6.639317327660253509e-01
1.831641296386718750e+03 1.869766657523706783e+02 6.633236308762061606e-01
1.831662170410156250e+03 1.867566732893317862e+02 6.653261167352103600e-01
1.831682983398437500e+03 1.863247579978928172e+02 6.638255201362466273e-01
1.831703796386718750e+03 1.860505893792702068e+02 6.626338400690949815e-01
1.831724670410156250e+03 1.870891336523925190e+02 6.641771778493849032e-01
1.831745483398437500e+03 1.869419466426826091e+02 6.630230566218743293e-01
1.831766296386718750e+03 1.867898479966500531e+02 6.696166964370912078e-01
1.831787170410156250e+03 1.867849083568526680e+02 6.625272619288353759e-01
1.831807983398437500e+03 1.868077798773445011e+02 6.636450184489907089e-01
1.831828796386718750e+03 1.868254291676779246e+02 6.666914120691047607e-01
1.831849670410156250e+03 1.865090805000039040e+02 6.660369019451785055e-01
1.831870483398437500e+03 1.867493167895466684e+02 6.622489624519327656e-01
1.831891296386718750e+03 1.867793412443317891e+02 6.632492021742075750e-01
1.831912170410156250e+03 1.873914675290051548e+02 6.626884831111199414e-01
1.831932983398437500e+03 1.861367293579342856e+02 6.618882431708195124e-01
1.831953796386718750e+03 1.868804130433185833e+02 6.628569936678746499e-01
1.831974670410156250e+03 1.870180748246727944e+02 6.621782835264546918e-01
1.831995483398437500e+03 1.868750216364354060e+02 6.622842653366360910e-01
1.832016296386718750e+03 1.869197447838039920e+02 6.710115695501712718e-01
1.832037170410156250e+03 1.866733882133652855e+02 6.639593829707345352e-01
1.832057983398437500e+03 1.865936015612098515e+02 6.624835147246123102e-01
1.832078796386718750e+03 1.871160489624191428e+02 6.618085419715443729e-01
1.832099670410156250e+03 1.868308310406807493e+02 6.619033718061863025e-01
1.832120483398437500e+03 1.864907413376327270e+02 6.664184291929663440e-01
1.832141296386718750e+03 1.870459224679987074e+02 6.620730049699293795e-01
1.832162170410156250e+03 1.866902451595364028e+02 6.624265378132638826e-01
1.832182983398437500e+03 1.866505882590631700e+02 6.616302827429231259e-01
1.832203796386718750e+03 1.863891699610790056e+02 6.622450247923676869e-01
1.832224670410156250e+03 1.874891394346647928e+02 6.627660325167790134e-01
1.832245483398437500e+03 1.870443046923808765e+02 6.621713749937162552e-01
1.832266296386718750e+03 1.874045117198344315e+02 6.644364594304356109e-01
1.832287170410156250e+03 1.863494449580541925e+02 6.612296096960686986e-01
1.832307983398437500e+03 1.867329722889277548e+02 6.612278744578086176e-01
1.832328796386718750e+03 1.868992151350172719e+02 6.802893199484931763e-01
1.832349670410156250e+03 1.861199265021689087e+02 6.632567060802329051e-01
1.832370483398437500e+03 1.862061356333814217e+02 6.617252281979787432e-01
1.832391296386718750e+03 1.866939945571088799e+02 6.612051131187506314e-01
1.832412170410156250e+03 1.859717039205037565e+02 6.622148052884931912e-01
1.832432983398437500e+03 1.869910289127607541e+02 6.635741064704535619e-01
1.832453796386718750e+03 1.864240952109942100e+02 6.732798903056039785e-01
1.832474670410156250e+03 1.866508393210337999e+02 6.610089500170476251e-01
1.832495483398437500e+03 1.867423601389865269e+02 6.621271316712935562e-01
1.832516296386718750e+03 1.868002328334589208e+02 6.660568135074187435e-01
1.832537170410156250e+03 1.868329044434675268e+02 6.622423471704897979e-01
1.832557983398437500e+03 1.870070772803064472e+02 6.611152319775257524e-01
1.832578796386718750e+03 1.870650885058957158e+02 6.616393815219323571e-01
1.832599670410156250e+03 1.871285168303862179e+02 6.654573041258935451e-01
1.832620483398437500e+03 1.865879281789953836e+02 6.605456405799561281e-01
1.832641296386718750e+03 1.871095690679496784e+02 6.614358452606192706e-01
1.832662170410156250e+03 1.860425476721129598e+02 6.634232978899878841e-01
1.832682983398437500e+03 1.869687618339367816e+02 6.629467510499670313e-01
1.832703796386718750e+03 1.867221046602905403e+02 6.614845951503911525e-01
1.832724670410156250e+03 1.872039785885446008e+02 6.611335788198338115e-01
1.832745483398437500e+03 1.870577267670136621e+02 6.615125053230023200e-01
1.832766296386718750e+03 1.867138874966640003e+02 6.607697023621648125e-01
1.832787170410156250e+03 1.869102560481385922e+02 6.667310614082806453e-01
1.832807983398437500e+03 1.870747213993348055e+02 6.730773502652416251e-01
1.832828796386718750e+03 1.868982274468904450e+02 6.770893952514033254e-01
1.832849670410156250e+03 1.873777730734324791e+02 6.611044355018910190e-01
1.832870483398437500e+03 1.866392715191529419e+02 6.799797438311270259e-01
1.832891296386718750e+03 1.868189370251396895e+02 6.634874434501129015e-01
1.832912170410156250e+03 1.871967106310066526e+02 6.649445229887417375e-01
1.832932983398437500e+03 1.873382469840348961e+02 6.603612412220374317e-01
1.832953796386718750e+03 1.865592814411531322e+02 6.715022317177505862e-01
1.832974609375000000e+03 1.867040316549584986e+02 6.625247653794796854e-01
1.832995422363281250e+03 1.864184108414019647e+02 6.603024563474605424e-01
1.833016296386718750e+03 1.866813685812307426e+02 6.647534310193876639e-01
1.833037109375000000e+03 1.867431094045492159e+02 6.603273700388361256e-01
1.833057922363281250e+03 1.865465888288312613e+02 6.603990819216468688e-01
1.833078796386718750e+03 1.858127629241923557e+02 6.672396110177539752e-01
1.833099609375000000e+03 1.867487537345434703e+02 6.606826263744529637e-01
1.833120422363281250e+03 1.872671525261553711e+02 6.665207186524244598e-01
1.833141296386718750e+03 1.871131474916811044e+02 6.607255907085736180e-01
1.833162109375000000e+03 1.868742081718804684e+02 6.607268987652100689e-01
1.833182922363281250e+03 1.867949591912234268e+02 6.623870807358787083e-01
1.833203796386718750e+03 1.870181038363230073e+02 6.613652146242229302e-01
1.833224609375000000e+03 1.869564138922256404e+02 6.607001507473267976e-01
1.833245422363281250e+03 1.873606798177551980e+02 6.626642428444310395e-01
1.833266296386718750e+03 1.870678238346293938e+02 6.613270686907818385e-01
1.833287109375000000e+03 1.869328712152750711e+02 6.681272307555852219e-01
1.833307922363281250e+03 1.870685691466717628e+02 6.639153261343132550e-01
1.833328796386718750e+03 1.875411867595683475e+02 6.634581789305906696e-01
1.833349609375000000e+03 1.871455783822612773e+02 6.606693192686007299e-01
1.833370422363281250e+03 1.873872553943249386e+02 6.621718475666561465e-01
1.833391296386718750e+03 1.871913777751124428e+02 6.605173962747349359e-01
1.833412109375000000e+03 1.869465850411955330e+02 6.606349450971523707e-01
1.833432922363281250e+03 1.868544106478119318e+02 6.675997378453928377e-01
1.833453796386718750e+03 1.875121632286682711e+02 6.609961905247021541e-01
1.833474609375000000e+03 1.860794419559233006e+02 6.593316249230638526e-01
1.833495422363281250e+03 1.867171408063286719e+02 6.611738769760573398e-01
1.833516296386718750e+03 1.863983057828045276e+02 6.601731111980296829e-01
1.833537109375000000e+03 1.864495281369093789e+02 6.620896373046150085e-01
1.833557922363281250e+03 1.869867719854138102e+02 6.615027290123594028e-01
1.833578796386718750e+03 1.870271671548966879e+02 6.601666782616384399e-01
1.833599609375000000e+03 1.860703706073295223e+02 6.605868994589823018e-01
1.833620422363281250e+03 1.865152854768253121e+02 6.606383284610994888e-01
1.833641296386718750e+03 1.869851029035319812e+02 6.643310676970881623e-01
1.833662109375000000e+03 1.868002373101580247e+02 6.604971823563638988e-01
1.833682922363281250e+03 1.867502467776604362e+02 6.607042554881986662e-01
1.833703796386718750e+03 1.868791230866447393e+02 6.708670307565316460e-01
1.833724609375000000e+03 1.859380828899008407e+02 6.609766450296546969e-01
1.833745422363281250e+03 1.867715503983447718e+02 6.599777928503259838e-01
1.833766296386718750e+03 1.869593651441053055e+02 6.600050894223122855e-01
1.833787109375000000e+03 1.870686628837503918e+02 6.602735471632279474e-01
1.833807922363281250e+03 1.859599715953807788e+02 6.611818101044757423e-01
1.833828796386718750e+03 1.868745551514769261e+02 6.606135392796392836e-01
1.833849609375000000e+03 1.860770719958708241e+02 6.599932362108728023e-01
1.833870422363281250e+03 1.865890091033945168e+02 6.599166480447071770e-01
1.833891296386718750e+03 1.860598919181746567e+02 6.611186354228553164e-01
1.833912109375000000e+03 1.870285556005900958e+02 6.611384697225533014e-01
1.833932922363281250e+03 1.869072104673976185e+02 6.601472436414695943e-01
1.833953796386718750e+03 1.869409777363339060e+02 6.604381162688028883e-01
1.833974609375000000e+03 1.869274697284235458e+02 6.645557366942467237e-01
1.833995422363281250e+03 1.858004176791762632e+02 6.633052772151014631e-01
1.834016296386718750e+03 1.873925875532870293e+02 6.612623980825534931e-01
1.834037109375000000e+03 1.873318442929544005e+02 6.599403570058955948e-01
1.834057922363281250e+03 1.872456049511300193e+02 6.630917128928000004e-01
1.834078796386718750e+03 1.868823451994083200e+02 6.646555552408353051e-01
1.834099609375000000e+03 1.866777519512229730e+02 6.599564560339806762e-01
1.834120422363281250e+03 1.870398198552743736e+02 6.605495883698683235e-01
1.834141296386718750e+03 1.863179344513070816e+02 6.595842942282865717e-01
1.834162109375000000e+03 1.861718222573574906e+02 6.603732683461245312e-01
1.834182922363281250e+03 1.868174896695703353e+02 6.599590751935520139e-01
1.834203796386718750e+03 1.866294386317249803e+02 6.614171238074545434e-01
1.834224609375000000e+03 1.869308956961592401e+02 6.611154122929496779e-01
1.834245422363281250e+03 1.871027048416094658e+02 6.608889198936895859e-01
1.834287109375000000e+03 1.872895032989666788e+02 6.618234472757232867e-01
1.834307922363281250e+03 1.871965858297900809e+02 6.608644106878598379e-01
1.834328796386718750e+03 1.871333078440065094e+02 6.608891453651448700e-01
1.834349609375000000e+03 1.868452361643280994e+02 6.613409483872391137e-01
1.834370422363281250e+03 1.871087937666875405e+02 6.708318685630144662e-01
1.834391296386718750e+03 1.872848691441657536e+02 6.625152739077696529e-01
1.834412109375000000e+03 1.868657912757221879e+02 6.606968128073775759e-01
1.834432922363281250e+03 1.866696076810258660e+02 6.598797958540821851e-01
1.834453796386718750e+03 1.863241676910502918e+02 6.610699261687060790e-01
1.834474609375000000e+03 1.870968943505225752e+02 6.601539250620696020e-01
1.834495422363281250e+03 1.870779409078116373e+02 6.675354293821701424e-01
1.834516296386718750e+03 1.868811140153667907e+02 6.594582880218208265e-01
1.834537109375000000e+03 1.868666492304860469e+02 6.632011437091582806e-01
1.834557922363281250e+03 1.865282633963096259e+02 6.638523442448717171e-01
1.834578796386718750e+03 1.871952720999299800e+02 6.626559451839408865e-01
1.834599609375000000e+03 1.864048212962450464e+02 6.742874349216844143e-01
1.834620422363281250e+03 1.864816319870976713e+02 6.605836737346225673e-01
1.834641296386718750e+03 1.863592882286761778e+02 6.598202679931945980e-01
1.834662109375000000e+03 1.861696048748771091e+02 6.591078655534099440e-01
1.834682922363281250e+03 1.864522285149426466e+02 6.637439187987179690e-01
1.834703796386718750e+03 1.868779952558212756e+02 6.611662592802082239e-01
1.834724609375000000e+03 1.868824943795776790e+02 6.628935229946758545e-01
1.834745422363281250e+03 1.865983118121306177e+02 6.613689772757588292e-01
1.834766296386718750e+03 1.863147104956502744e+02 6.618357855515146770e-01
1.834787109375000000e+03 1.867156579860941292e+02 6.629292411099143578e-01
1.834807922363281250e+03 1.866650436042106094e+02 6.609326599160308957e-01
1.834828796386718750e+03 1.864316391135008928e+02 6.611345479877632769e-01
1.834849548339843750e+03 1.866589038822016562e+02 6.605842151160346010e-01
1.834870422363281250e+03 1.868203375626331422e+02 6.601181019251232129e-01
1.834891235351562500e+03 1.862114230062622084e+02 6.591479258479411296e-01
1.834912048339843750e+03 1.861398805224411035e+02 6.610041934153034759e-01
1.834932922363281250e+03 1.865842720368450784e+02 6.605263975861886960e-01
1.834953735351562500e+03 1.861171638827861727e+02 6.590602964434044697e-01
1.834974548339843750e+03 1.864483329590486562e+02 6.612845039740095077e-01
1.834995422363281250e+03 1.863120311567523117e+02 6.637130940049629224e-01
1.835016235351562500e+03 1.866197017233450310e+02 6.594823523901255369e-01
1.835037048339843750e+03 1.869668068840131241e+02 6.783670775606540637e-01
1.835057922363281250e+03 1.862888411119168381e+02 6.609421966602296861e-01
1.835078735351562500e+03 1.867591670379255504e+02 6.594858094525908321e-01
1.835099548339843750e+03 1.873565537106540830e+02 6.723644115297212620e-01
1.835120422363281250e+03 1.867138976022633869e+02 6.621939456008515412e-01
1.835141235351562500e+03 1.869927869771696294e+02 6.610447699610926264e-01
1.835162048339843750e+03 1.865531733131681733e+02 6.632392492576907328e-01
1.835182922363281250e+03 1.867923618391397440e+02 6.603086622914670079e-01
1.835203735351562500e+03 1.868519784680976557e+02 6.637529661539760539e-01
1.835224548339843750e+03 1.871589950165607661e+02 6.609074533906017512e-01
1.835245422363281250e+03 1.864984273704816360e+02 6.610293286247428401e-01
1.835266235351562500e+03 1.868323017234833117e+02 6.600390674486987796e-01
1.835287048339843750e+03 1.874296939589167721e+02 6.648244861721149812e-01
1.835307922363281250e+03 1.855989978646754253e+02 6.590618565114453320e-01
1.835328735351562500e+03 1.867924902518507793e+02 6.600044346790445715e-01
1.835349548339843750e+03 1.868602570341629985e+02 6.602369631571083364e-01
1.835370422363281250e+03 1.869958631057987475e+02 6.596914607678608933e-01
1.835391235351562500e+03 1.870804162255135168e+02 6.603740355473584067e-01
1.835412048339843750e+03 1.874018386120311845e+02 6.617428150327374636e-01
1.835432922363281250e+03 1.866166945571865767e+02 6.601917776445725972e-01
1.835453735351562500e+03 1.867678453191340111e+02 6.596945553270856522e-01
1.835474548339843750e+03 1.870477137340136267e+02 6.600709668210545944e-01
1.835495422363281250e+03 1.866590581307818582e+02 6.675120571561972138e-01
1.835516235351562500e+03 1.865783866254141401e+02 6.603425795658608433e-01
1.835537048339843750e+03 1.860439081526738789e+02 6.606127723565525800e-01
1.835557922363281250e+03 1.863501527423107689e+02 6.625677451998531753e-01
1.835578735351562500e+03 1.866413353315143695e+02 6.599294058296772958e-01
1.835599548339843750e+03 1.860319712686379887e+02 6.599588945621911451e-01
1.835620422363281250e+03 1.870620279461959115e+02 6.631549692527598516e-01
1.835641235351562500e+03 1.863521561892490865e+02 6.596869883135496604e-01
1.835662048339843750e+03 1.868687187199871573e+02 6.610315377723458008e-01
1.835682922363281250e+03 1.864968279472831227e+02 6.612234123956581833e-01
1.835703735351562500e+03 1.871783359480399440e+02 6.605875987398081017e-01
1.835724548339843750e+03 1.866339829544308770e+02 6.606478694541030317e-01
1.835745422363281250e+03 1.867580424182358456e+02 6.632874622211316629e-01
1.835766235351562500e+03 1.868463510994929777e+02 6.615071216122049291e-01
1.835787048339843750e+03 1.870620383343777746e+02 6.615741783484394567e-01
1.835807922363281250e+03 1.870182921009557617e+02 6.617608067142081163e-01
1.835828735351562500e+03 1.867306732365767061e+02 6.629597651987406692e-01
1.835849548339843750e+03 1.868305809498975236e+02 6.614173716279849735e-01
1.835870422363281250e+03 1.872316383660473207e+02 6.617059744690427792e-01
1.835891235351562500e+03 1.859484661358464734e+02 6.596360272990664519e-01
1.835912048339843750e+03 1.868003005395980551e+02 6.604097545474654218e-01
1.835932922363281250e+03 1.864705017287560338e+02 6.597264487705587488e-01
1.835953735351562500e+03 1.864491824126623953e+02 6.608055127249889971e-01
1.835974548339843750e+03 1.872575628512067851e+02 6.606439899180154285e-01
1.835995422363281250e+03 1.865752073214542008e+02 6.596854297238621267e-01
1.836016235351562500e+03 1.873801885847183826e+02 6.610295089635993548e-01
1.836037048339843750e+03 1.862857313706373077e+02 6.675469924158411450e-01
1.836057922363281250e+03 1.864756142907537821e+02 6.612167868538855187e-01
1.836078735351562500e+03 1.868675850093820543e+02 6.600393609389814120e-01
1.836099548339843750e+03 1.870211229638361203e+02 6.607000154257648417e-01
1.836120422363281250e+03 1.869308109798440398e+02 6.616992862005189879e-01
1.836141235351562500e+03 1.866089174061941378e+02 6.658627958387768331e-01
1.836162048339843750e+03 1.866513666449125424e+02 6.604284143054856004e-01
1.836182922363281250e+03 1.866303053575603030e+02 6.593890274508308336e-01
1.836203735351562500e+03 1.863372870522470919e+02 6.654700676501257295e-01
1.836224548339843750e+03 1.872943138243817600e+02 6.599407860173474027e-01
1.836245422363281250e+03 1.867493202472534222e+02 6.627993069513320457e-01
1.836266235351562500e+03 1.871155637062317965e+02 6.599759414290432558e-01
1.836287048339843750e+03 1.873436189148905555e+02 6.606738527364589553e-01
1.836307922363281250e+03 1.866638189327984776e+02 6.607490225722277843e-01
1.836328735351562500e+03 1.864170563876434130e+02 6.751745951869789764e-01
1.836349548339843750e+03 1.867347568937372273e+02 6.596190394193145456e-01
1.836370422363281250e+03 1.867624063597974668e+02 6.619424300025955610e-01
1.836391235351562500e+03 1.870087525316129984e+02 6.602221123158401594e-01
1.836412048339843750e+03 1.873254850546572925e+02 6.601411038980532497e-01
1.836432922363281250e+03 1.863440914095371284e+02 6.606869116565717848e-01
1.836453735351562500e+03 1.866179175233848184e+02 6.595795725363604589e-01
1.836474548339843750e+03 1.867677290520920792e+02 6.619581651895307672e-01
1.836495361328125000e+03 1.864364545829474196e+02 6.622492099611805294e-01
1.836516174316406250e+03 1.862000157530379170e+02 6.593489592051837711e-01
1.836537048339843750e+03 1.863930975761345223e+02 6.619924931619174391e-01
1.836557861328125000e+03 1.866415870075871624e+02 6.615674436994453123e-01
1.836578674316406250e+03 1.870660308522734283e+02 6.629574276157113033e-01
1.836599548339843750e+03 1.861582209232033165e+02 6.607713034966586907e-01
1.836620361328125000e+03 1.865291817280688633e+02 6.619592231929715131e-01
1.836641174316406250e+03 1.867750272383285051e+02 6.616176928893798825e-01
1.836662048339843750e+03 1.865915477963393414e+02 6.719999862455184880e-01
1.836682861328125000e+03 1.870984853071362863e+02 6.615006340698524889e-01
1.836703674316406250e+03 1.870535652192136240e+02 6.613190246424562879e-01
1.836724548339843750e+03 1.865821295307380865e+02 6.602846280383966038e-01
1.836745361328125000e+03 1.863205105276345535e+02 6.597792999494602739e-01
1.836766174316406250e+03 1.870452671420104593e+02 6.650935975511796938e-01
1.836787048339843750e+03 1.864530019623694557e+02 6.596073599981921998e-01
1.836807861328125000e+03 1.865711492888868861e+02 6.594524356154675138e-01
1.836828674316406250e+03 1.870270651186350221e+02 6.623122768029144902e-01
1.836849548339843750e+03 1.871656768874610464e+02 6.601629313294478107e-01
1.836870361328125000e+03 1.865038310854197334e+02 6.599373313382634887e-01
1.836891174316406250e+03 1.863609514641538851e+02 6.601696577347074824e-01
1.836912048339843750e+03 1.868214233436247014e+02 6.623037497430280807e-01
1.836932861328125000e+03 1.862984633235830074e+02 6.612187700162078796e-01
1.836953674316406250e+03 1.861581783469890752e+02 6.597292947111212946e-01
1.836974548339843750e+03 1.868408723875133148e+02 6.722420421766299725e-01
1.836995361328125000e+03 1.863317191570835405e+02 6.591378431814228778e-01
1.837016174316406250e+03 1.866847781222720926e+02 6.624962680639563395e-01
1.837037048339843750e+03 1.875697850431000404e+02 6.594824879615439617e-01
1.837057861328125000e+03 1.868201251322941800e+02 6.613026207897194642e-01
1.837078674316406250e+03 1.868446765792563724e+02 6.591616931861081774e-01
1.837099548339843750e+03 1.866161039238515400e+02 6.606104941386029550e-01
1.837120361328125000e+03 1.867244883505647124e+02 6.597636934820148014e-01
1.837141174316406250e+03 1.860543632129936782e+02 6.590104175389649432e-01
1.837162048339843750e+03 1.862358895305331714e+02 6.588749838293309624e-01
1.837182861328125000e+03 1.864229315755729885e+02 6.598515456306199845e-01
1.837203674316406250e+03 1.868583893438090797e+02 6.592483597765044223e-01
1.837224548339843750e+03 1.868441848546329709e+02 6.607357844607122388e-01
1.837245361328125000e+03 1.868829205161507616e+02 6.608196514207735905e-01
1.837266174316406250e+03 1.872583455392137921e+02 6.595972843546279440e-01
1.837287048339843750e+03 1.866681128264251299e+02 6.594751444695788889e-01
1.837307861328125000e+03 1.869354943542606122e+02 6.598851025157229655e-01
1.837328674316406250e+03 1.871821675229430753e+02 6.637961807277875659e-01
1.837349548339843750e+03 1.867677523043491306e+02 6.743778584714026358e-01
1.837370361328125000e+03 1.868133757306428322e+02 6.604142221070623542e-01
1.837391174316406250e+03 1.868011634246109054e+02 6.593096795654143083e-01
1.837412048339843750e+03 1.864901045834774322e+02 6.591453034652116072e-01
1.837432861328125000e+03 1.869190640271350787e+02 6.604688231714306301e-01
1.837453674316406250e+03 1.863867572335725242e+02 6.645957825031825195e-01
1.837474548339843750e+03 1.864222785479416871e+02 6.598898220214987065e-01
1.837495361328125000e+03 1.865880176319180634e+02 6.597961707805096720e-01
1.837516174316406250e+03 1.869763045862466697e+02 6.594343131628938037e-01
1.837537048339843750e+03 1.872281846146922817e+02 6.610302979455184857e-01
1.837557861328125000e+03 1.868773639377537847e+02 6.620007091011329559e-01
1.837578674316406250e+03 1.872869759129027898e+02 6.595476945834614080e-01
1.837599548339843750e+03 1.872056910343109450e+02 6.622704279100942726e-01
1.837620361328125000e+03 1.864931982973326399e+02 6.594101792483244573e-01
1.837641174316406250e+03 1.865466792429557756e+02 6.599109126061452057e-01
1.837662048339843750e+03 1.863526584298131752e+02 6.599280736123369628e-01
1.837682861328125000e+03 1.867479368194371148e+02 6.593570046884533742e-01
1.837703674316406250e+03 1.865033574472031148e+02 6.594702638266082273e-01
1.837724548339843750e+03 1.867910324707056589e+02 6.591053108357890489e-01
1.837745361328125000e+03 1.872070388662004632e+02 6.594686595332993617e-01
1.837766174316406250e+03 1.865961304899352342e+02 6.605471294634941426e-01
1.837787048339843750e+03 1.868976367781377519e+02 6.608748954179773927e-01
1.837807861328125000e+03 1.867231990915420852e+02 6.591427941064522678e-01
1.837828674316406250e+03 1.866907345410207597e+02 6.637315710925357770e-01
1.837849548339843750e+03 1.863954346689077397e+02 6.704335163489210103e-01
1.837870361328125000e+03 1.864240862797247189e+02 6.592959153174811071e-01
1.837891174316406250e+03 1.866423096494513345e+02 6.590274663289544810e-01
1.837911987304687500e+03 1.875528370441578829e+02 6.602160861193191455e-01
1.837932800292968750e+03 1.868816673120388714e+02 6.612379027199317694e-01
1.837953674316406250e+03 1.865582038327860346e+02 6.611261860502715137e-01
1.837974487304687500e+03 1.861048528427421900e+02 6.632891920712812306e-01
1.837995300292968750e+03 1.867408932542874709e+02 6.603940727227827212e-01
1.838016174316406250e+03 1.872477611907963251e+02 6.604334683692770769e-01
1.838036987304687500e+03 1.872809589380169939e+02 6.605145311699145427e-01
1.838057800292968750e+03 1.877972853794720720e+02 6.648642468458748622e-01
1.838078674316406250e+03 1.869351371294742421e+02 6.596564031415813600e-01
1.838099487304687500e+03 1.863274808159591203e+02 6.587557185103980473e-01
1.838120300292968750e+03 1.865752245223377201e+02 6.590138770771115651e-01
1.838141174316406250e+03 1.866021246084948473e+02 6.619235878059510636e-01
1.838161987304687500e+03 1.871348217044433397e+02 6.593630387364813883e-01
1.838182800292968750e+03 1.871373093588696861e+02 6.597510680088477519e-01
1.838203674316406250e+03 1.867956061321403070e+02 6.589871047528162995e-01
1.838224487304687500e+03 1.859318077825330988e+02 6.593019951274510237e-01
1.838245300292968750e+03 1.864354443938418910e+02 6.592185001956007984e-01
1.838266174316406250e+03 1.871630558440043046e+02 6.610043061313806145e-01
1.838286987304687500e+03 1.873498763065781816e+02 6.603984726967875307e-01
1.838307800292968750e+03 1.869693040033899081e+02 6.615928953573465554e-01
1.838328674316406250e+03 1.871507197822552087e+02 6.606030504014201998e-01
1.838349487304687500e+03 1.868945698041150933e+02 6.715315007243881640e-01
1.838370300292968750e+03 1.869508146602961176e+02 6.591445122269944390e-01
1.838391174316406250e+03 1.870735338770226122e+02 6.603723206257227085e-01
1.838411987304687500e+03 1.865930476111719827e+02 6.699111982112028185e-01
1.838432800292968750e+03 1.868123026763442454e+02 6.608042048239683997e-01
1.838453674316406250e+03 1.871022713059229829e+02 6.601337903056370138e-01
1.838474487304687500e+03 1.866825352347795501e+02 6.614863972955663529e-01
1.838495300292968750e+03 1.869687326490630142e+02 6.606525835108983946e-01
1.838516174316406250e+03 1.866511856912221958e+02 6.591045195495617293e-01
1.838536987304687500e+03 1.866133743992467657e+02 6.685096602972322444e-01
1.838557800292968750e+03 1.870887420458819008e+02 6.592700585477120345e-01
1.838578674316406250e+03 1.869323319709439488e+02 6.608052872249977616e-01
1.838599487304687500e+03 1.873986818684991249e+02 6.607174942314274491e-01
1.838620300292968750e+03 1.866782699455241641e+02 6.604306029003574885e-01
1.838641174316406250e+03 1.871985631131878733e+02 6.590185123775323950e-01
1.838661987304687500e+03 1.865907453345867850e+02 6.624860789077969825e-01
1.838682800292968750e+03 1.867515353240402192e+02 6.588930990504708873e-01
1.838703674316406250e+03 1.870643929653432167e+02 6.622080096479624478e-01
1.838745300292968750e+03 1.865972153284572244e+02 6.617833462907249942e-01
1.838766174316406250e+03 1.870440162720003059e+02 6.608809832494555447e-01
1.838786987304687500e+03 1.869321834807184644e+02 6.599821504433347474e-01
1.838807800292968750e+03 1.865960059062928167e+02 6.614900240978486279e-01
1.838828674316406250e+03 1.865725273546507310e+02 6.700216502634425142e-01
1.838849487304687500e+03 1.866477031570981353e+02 6.603543136796615753e-01
1.838870300292968750e+03 1.867417215283222163e+02 6.589641077241088496e-01
1.838891174316406250e+03 1.864484028579313417e+02 6.597673297541599702e-01
1.838911987304687500e+03 1.868359093037782372e+02 6.588357664009147907e-01
1.838932800292968750e+03 1.860835608675649553e+02 6.602076222672810246e-01
1.838953674316406250e+03 1.863884293472153217e+02 6.591243692427969370e-01
1.838974487304687500e+03 1.867217778432602415e+02 6.612003353916524606e-01
1.838995300292968750e+03 1.856953025634228425e+02 6.762489728866928340e-01
1.839016174316406250e+03 1.870570384866667553e+02 6.597608251041333638e-01
1.839036987304687500e+03 1.871954207367634524e+02 6.596151538321481933e-01
1.839057800292968750e+03 1.861881124542318275e+02 6.602437565156974442e-01
1.839078674316406250e+03 1.870388611199757918e+02 6.593311955152451054e-01
1.839099487304687500e+03 1.864808225594232454e+02 6.622800128899833938e-01
1.839120300292968750e+03 1.868234864208949944e+02 6.617429951771540697e-01
1.839141174316406250e+03 1.865911805500666105e+02 6.609942292381383311e-01
1.839161987304687500e+03 1.868424880526160337e+02 6.598265236392916178e-01
1.839182800292968750e+03 1.871446599507911515e+02 6.591410533744936906e-01
1.841141052246093750e+03 1.867172594818008236e+02 7.694261740578408615e-01
