1.438516296386718750e+03 1.354077922376193555e+03 1.077092768457482252e+00
1.438537170410156250e+03 1.351809133256184168e+03 1.076194029093655580e+00
1.438557983398437500e+03 1.349646670489659527e+03 1.076563713615630302e+00
1.438578796386718750e+03 1.349429701684987322e+03 1.076347710563523963e+00
1.438599670410156250e+03 1.355791106808718041e+03 1.077067367809228404e+00
1.438620483398437500e+03 1.354136790438727985e+03 1.075696947704927187e+00
1.438641296386718750e+03 1.354131438322473059e+03 1.076702118832202348e+00
1.438662170410156250e+03 1.353125758039261200e+03 1.077188942390629345e+00
1.438682983398437500e+03 1.350608656163262594e+03 1.076860764686691674e+00
1.438703796386718750e+03 1.353772483589164267e+03 1.077095369361512178e+00
1.438724670410156250e+03 1.356292160880361735e+03 1.077660225463631827e+00
1.438745483398437500e+03 1.356913009373489786e+03 1.077545895052653524e+00
1.438766296386718750e+03 1.359624942945580415e+03 1.076913235561760773e+00
1.438787170410156250e+03 1.361342160207535017e+03 1.077509165147360726e+00
1.438807983398437500e+03 1.357418552050418612e+03 1.077186950382438946e+00
1.438828796386718750e+03 1.357882002152661016e+03 1.076777680571988194e+00
1.438849670410156250e+03 1.361351325976813541e+03 1.077684782518008033e+00
1.438870483398437500e+03 1.356131321341189505e+03 1.077557898379783996e+00
1.438891296386718750e+03 1.358744812257953072e+03 1.076898125540226347e+00
1.438912170410156250e+03 1.358587117290492642e+03 1.077469612719789804e+00
1.438932983398437500e+03 1.361738979301936524e+03 1.077767133059376325e+00
1.438953796386718750e+03 1.361800710949024733e+03 1.077589869723178717e+00
1.438974670410156250e+03 1.361753925607765495e+03 1.077598830379341344e+00
1.438995544433593750e+03 1.357652665900835927e+03 1.077193147729156530e+00
1.439016357421875000e+03 1.355253367795417944e+03 1.077003116436684671e+00
1.439037170410156250e+03 1.357758716307240320e+03 1.077064158098627544e+00
1.439058044433593750e+03 1.359729528079761167e+03 1.077506565242158265e+00
1.439078857421875000e+03 1.362456740111771978e+03 1.077355040780834772e+00
1.439099670410156250e+03 1.359355622357537186e+03 1.078181500267427539e+00
1.439120544433593750e+03 1.355113944142519358e+03 1.076353082095473868e+00
1.439141357421875000e+03 1.356863178440985621e+03 1.077133884141400211e+00
1.439162170410156250e+03 1.357996712255503553e+03 1.077983736375552892e+00
1.439183044433593750e+03 1.353563748801039765e+03 1.077534887275675812e+00
1.439203857421875000e+03 1.362445876542552242e+03 1.077923410338275323e+00
1.439224670410156250e+03 1.356308201749119462e+03 1.076948048687228043e+00
1.439245544433593750e+03 1.356854746916131035e+03 1.076601859869458666e+00
1.439266357421875000e+03 1.357104102172502962e+03 1.077090610255753145e+00
1.439287170410156250e+03 1.361254858050799385e+03 1.077013963621216375e+00
1.439308044433593750e+03 1.360511487265342794e+03 1.077318304368589219e+00
1.439328857421875000e+03 1.356574900735156916e+03 1.076660765217373195e+00
1.439349670410156250e+03 1.356152025446627931e+03 1.076275829133731987e+00
1.439370544433593750e+03 1.358965807783192759e+03 1.077207312959197028e+00
1.439391357421875000e+03 1.348661072691279287e+03 1.076921593028398183e+00
1.439412170410156250e+03 1.359410787428998901e+03 1.076271509449598707e+00
1.439433044433593750e+03 1.360203096764111251e+03 1.076587797401972857e+00
1.439453857421875000e+03 1.354453382992903926e+03 1.076382043604807048e+00
1.439474670410156250e+03 1.356898261458236675e+03 1.076618413483604320e+00
1.439495544433593750e+03 1.353346173336004540e+03 1.076030244178868056e+00
1.439516357421875000e+03 1.356715344067290289e+03 1.076294769082582148e+00
1.439537170410156250e+03 1.356419015582091788e+03 1.076386584344400044e+00
1.439558044433593750e+03 1.352705946459324878e+03 1.076100812666973994e+00
1.439578857421875000e+03 1.354842571694574190e+03 1.076450097316043131e+00
1.439599670410156250e+03 1.355588184105855817e+03 1.077042575313427841e+00
1.439620544433593750e+03 1.355589017940029635e+03 1.077849753806909838e+00
1.439641357421875000e+03 1.357386328789228401e+03 1.077198625711300206e+00
1.439662170410156250e+03 1.357133102221225272e+03 1.076297427294345743e+00
1.439683044433593750e+03 1.355100419610541849e+03 1.076205604426195173e+00
1.439703857421875000e+03 1.353536916170560517e+03 1.076882019020093839e+00
1.439724670410156250e+03 1.359640243300574184e+03 1.077517130775310639e+00
1.439745544433593750e+03 1.356614977038959523e+03 1.077216498125998179e+00
1.439766357421875000e+03 1.358915023310309152e+03 1.077067035770644221e+00
1.439787170410156250e+03 1.359053868080661914e+03 1.076765889968342327e+00
1.439808044433593750e+03 1.357157066925309437e+03 1.077168579466597720e+00
1.439828857421875000e+03 1.352993580465767536e+03 1.076997028683218005e+00
1.439849670410156250e+03 1.356701921746327343e+03 1.077317474465289138e+00
1.439870544433593750e+03 1.353967239748750899e+03 1.077272271433135087e+00
1.439891357421875000e+03 1.360764232849390510e+03 1.076879528299597766e+00
1.439912170410156250e+03 1.356000442486662223e+03 1.076948878875209736e+00
1.439933044433593750e+03 1.357876236892671614e+03 1.077586053124778509e+00
1.439953857421875000e+03 1.357219355768310379e+03 1.077077992989873056e+00
1.439974670410156250e+03 1.354527320196484652e+03 1.076690659555852525e+00
1.439995544433593750e+03 1.355454138278508481e+03 1.077184571034494498e+00
1.440016357421875000e+03 1.356328469214487768e+03 1.076904767334047719e+00
1.440037170410156250e+03 1.355402534016365507e+03 1.077085021046558788e+00
1.440058044433593750e+03 1.358650748168908649e+03 1.077922691492545715e+00
1.440078857421875000e+03 1.355141012749736092e+03 1.077636220955225932e+00
1.440099670410156250e+03 1.351093394309640871e+03 1.077048662809453328e+00
1.440120544433593750e+03 1.352864572934500075e+03 1.076857665061354163e+00
1.440141357421875000e+03 1.354243219342433804e+03 1.076803088053658319e+00
1.440162170410156250e+03 1.355704468948355270e+03 1.077792627821099192e+00
1.440183044433593750e+03 1.353811128339337756e+03 1.077449918941689733e+00
1.440203857421875000e+03 1.353610358415598057e+03 1.077150097566433873e+00
1.440224670410156250e+03 1.352686477963077095e+03 1.076786149799156656e+00
1.440245544433593750e+03 1.357964115660947755e+03 1.077355649355429490e+00
1.440266418457031250e+03 1.355054375728667537e+03 1.077106713656715620e+00
1.440287231445312500e+03 1.354895765786811808e+03 1.076948546800093887e+00
1.440308044433593750e+03 1.354206467045581121e+03 1.077212569540144660e+00
1.440328918457031250e+03 1.353796833091179224e+03 1.077486872139458374e+00
1.440349731445312500e+03 1.353359240640152848e+03 1.077293019694403942e+00
1.440370544433593750e+03 1.357104707135274793e+03 1.077339051743319009e+00
1.440391418457031250e+03 1.352976157829292561e+03 1.077274207954427965e+00
1.440412231445312500e+03 1.353252929795572982e+03 1.076779950109985284e+00
1.440433044433593750e+03 1.355412106836029807e+03 1.077095258684872769e+00
1.440453918457031250e+03 1.354455197614294548e+03 1.077752366836982389e+00
1.440474731445312500e+03 1.353366948212345505e+03 1.076728579883602377e+00
1.440495544433593750e+03 1.353637985305614393e+03 1.077402729857070085e+00
1.440516418457031250e+03 1.354420728547395811e+03 1.077687381993263971e+00
1.440537231445312500e+03 1.352532486865951796e+03 1.077515747858015738e+00
1.440558044433593750e+03 1.355461759872395760e+03 1.077903503663968809e+00
1.440578918457031250e+03 1.356243386997650305e+03 1.077803245851998826e+00
1.440599731445312500e+03 1.350870061576478520e+03 1.076960224713489289e+00
1.440620544433593750e+03 1.358382699827868464e+03 1.077246543034167781e+00
1.440641418457031250e+03 1.358746086200836544e+03 1.077488642320715728e+00
1.440662231445312500e+03 1.358385022586871173e+03 1.077589150654948424e+00
1.440683044433593750e+03 1.356667266651862292e+03 1.077564370164276530e+00
1.440703918457031250e+03 1.355241910400618281e+03 1.077958577897802250e+00
1.440724731445312500e+03 1.351974254083693268e+03 1.077564259535808366e+00
1.440745544433593750e+03 1.357373749624669927e+03 1.078355294661860864e+00
1.440766418457031250e+03 1.356089993345039829e+03 1.078295099965194126e+00
1.440787231445312500e+03 1.355608552152447828e+03 1.078041073393524174e+00
1.440808044433593750e+03 1.352861883793293600e+03 1.077842730736652266e+00
1.440828918457031250e+03 1.353350159085817495e+03 1.077955868488253088e+00
1.440849731445312500e+03 1.355201316455491224e+03 1.078708767064231910e+00
1.440870544433593750e+03 1.349874584866921168e+03 1.077438246335890248e+00
1.440891418457031250e+03 1.356478776918846734e+03 1.078352309880046933e+00
1.440912231445312500e+03 1.354361468859662637e+03 1.078493248894951240e+00
1.440933044433593750e+03 1.352475682282941534e+03 1.078158834175282799e+00
1.440953918457031250e+03 1.355568115346118702e+03 1.078362093300707203e+00
1.440974731445312500e+03 1.362409911583808253e+03 1.078961973526058271e+00
1.440995544433593750e+03 1.356962050715602800e+03 1.078486451082892650e+00
1.441016418457031250e+03 1.356180263914787929e+03 1.078161708925549744e+00
1.441058044433593750e+03 1.351589990881280073e+03 1.077084910368856230e+00
1.441078918457031250e+03 1.357832191127558872e+03 1.077946191969985534e+00
1.441099731445312500e+03 1.356005474336697489e+03 1.077137923686505738e+00
1.441120544433593750e+03 1.353794039058819408e+03 1.077066648392166703e+00
1.441141418457031250e+03 1.355002280215023802e+03 1.077256668477412083e+00
1.441162231445312500e+03 1.354125767011119933e+03 1.077489969954750215e+00
1.441183044433593750e+03 1.357277501272384598e+03 1.077895872674676125e+00
1.441203918457031250e+03 1.351410849194454158e+03 1.077631021751621176e+00
1.441224731445312500e+03 1.357956792785303151e+03 1.078472357921396618e+00
1.441245544433593750e+03 1.355570243537502392e+03 1.078464123008454179e+00
1.441266418457031250e+03 1.348774862931081316e+03 1.077037317902807656e+00
1.441287231445312500e+03 1.353124210256970173e+03 1.077355151430786639e+00
1.441308044433593750e+03 1.353550116943088824e+03 1.078287582301479031e+00
1.441328918457031250e+03 1.351984191823645688e+03 1.077086459855658207e+00
1.441349731445312500e+03 1.357685595993781817e+03 1.078708048741860104e+00
1.441370544433593750e+03 1.355538450284023384e+03 1.078175916713351778e+00
1.441391418457031250e+03 1.355087195209720448e+03 1.078540224473851339e+00
1.441412231445312500e+03 1.353222614880809942e+03 1.077292909038070512e+00
1.441433044433593750e+03 1.360109781963574505e+03 1.079072729217449789e+00
1.441453918457031250e+03 1.353418435361589673e+03 1.077737932244265284e+00
1.441474731445312500e+03 1.352958770767489568e+03 1.077681187488705117e+00
1.441495544433593750e+03 1.350042557435374192e+03 1.077945804907447958e+00
1.441516418457031250e+03 1.354318531395979562e+03 1.077657459994523448e+00
1.441537231445312500e+03 1.356518166845249652e+03 1.078714347860210809e+00
1.441558044433593750e+03 1.356118350578335367e+03 1.077909088629140477e+00
1.441578918457031250e+03 1.355042027144842223e+03 1.077770451283760256e+00
1.441599731445312500e+03 1.356908357772891577e+03 1.078829990926517546e+00
1.441620544433593750e+03 1.354409692918270366e+03 1.077970963683304140e+00
1.441641418457031250e+03 1.358385266929977206e+03 1.078762197856520721e+00
1.441662231445312500e+03 1.355761224129999164e+03 1.078878167275155286e+00
1.441683105468750000e+03 1.358931818730529812e+03 1.079716323489883223e+00
1.441703918457031250e+03 1.350519815427208414e+03 1.078476447720562836e+00
1.441724792480468750e+03 1.352539332545205980e+03 1.079199435253292538e+00
1.441745605468750000e+03 1.358499873246673360e+03 1.078866344379615150e+00
1.441766418457031250e+03 1.353287690837347100e+03 1.078593608353865418e+00
1.441787292480468750e+03 1.358756161480868059e+03 1.078709706408150337e+00
1.441808105468750000e+03 1.360142848130532002e+03 1.079948541686894581e+00
1.441828918457031250e+03 1.351520226140215527e+03 1.079121447073581042e+00
1.441849792480468750e+03 1.353556132330066703e+03 1.079870442019289722e+00
1.441870605468750000e+03 1.357891519721869372e+03 1.080036624711298021e+00
1.441891418457031250e+03 1.356624563442262115e+03 1.079961180607413196e+00
1.441912292480468750e+03 1.354221620014980772e+03 1.080023545167488441e+00
1.441933105468750000e+03 1.355480584508293759e+03 1.079574108656106812e+00
1.441953918457031250e+03 1.356776134664592519e+03 1.079514368421899961e+00
1.441974792480468750e+03 1.355162064298659288e+03 1.080050476713681595e+00
1.441995605468750000e+03 1.354397136481601819e+03 1.079397197289721833e+00
1.442016418457031250e+03 1.356527818870763213e+03 1.079337833827129334e+00
1.442037292480468750e+03 1.356023571859354433e+03 1.079534190178468744e+00
1.442058105468750000e+03 1.358765422690607920e+03 1.080092693872131138e+00
1.442078918457031250e+03 1.354662276783683637e+03 1.080139158431800750e+00
1.442099792480468750e+03 1.355256011245072614e+03 1.078968989311101412e+00
1.442120605468750000e+03 1.356868553916601286e+03 1.080180985862664755e+00
1.442141418457031250e+03 1.355429923334307205e+03 1.079717648384733719e+00
1.442162292480468750e+03 1.356986290404267720e+03 1.080823313584032386e+00
1.442183105468750000e+03 1.357065154964863723e+03 1.080497122369312057e+00
1.442203918457031250e+03 1.357692029549458084e+03 1.080164431664166980e+00
1.442224792480468750e+03 1.360788520048321516e+03 1.080286981900858256e+00
1.442245605468750000e+03 1.355218737579624303e+03 1.079914929165401327e+00
1.442266418457031250e+03 1.358049829997024290e+03 1.080158968722987334e+00
1.442287292480468750e+03 1.357394086130645292e+03 1.080646386097639633e+00
1.442308105468750000e+03 1.358485723704673774e+03 1.080798882989567389e+00
1.442328918457031250e+03 1.360304285636566647e+03 1.081005450249976185e+00
1.442349792480468750e+03 1.356987407341059907e+03 1.080928088652022279e+00
1.442370605468750000e+03 1.354671569398419024e+03 1.080707663203412050e+00
1.442391418457031250e+03 1.354206664621646723e+03 1.080579755022326616e+00
1.442412292480468750e+03 1.356161006121313676e+03 1.080402125623491028e+00
1.442433105468750000e+03 1.359255923611339767e+03 1.081167323749786080e+00
1.442453918457031250e+03 1.358946436369446019e+03 1.081053639922284981e+00
1.442474792480468750e+03 1.359894843196613920e+03 1.081409812979801321e+00
1.442495605468750000e+03 1.358332392939662441e+03 1.081398127998945746e+00
1.442516418457031250e+03 1.359641077700558071e+03 1.081477550310623315e+00
1.442537292480468750e+03 1.358879164199164052e+03 1.081651917216442271e+00
1.442558105468750000e+03 1.360468949151375455e+03 1.081913690343486278e+00
1.442578918457031250e+03 1.360798773306956718e+03 1.082005138977313541e+00
1.442599792480468750e+03 1.359382269184790857e+03 1.081627615550432076e+00
1.442620605468750000e+03 1.357819476306048273e+03 1.081818101732121340e+00
1.442641418457031250e+03 1.361296653301360948e+03 1.082023868466755578e+00
1.442662292480468750e+03 1.358443549226930372e+03 1.082467056812713269e+00
1.442683105468750000e+03 1.362036078962037664e+03 1.082321789016068347e+00
1.442703918457031250e+03 1.361979899080416317e+03 1.082502957751878325e+00
1.442724792480468750e+03 1.363439737960751472e+03 1.082920906838460873e+00
1.442745605468750000e+03 1.358538519747809232e+03 1.081737051399443095e+00
1.442766418457031250e+03 1.359302183902152592e+03 1.082778452328303942e+00
1.442787292480468750e+03 1.361869448038762584e+03 1.082750542699782992e+00
1.442808105468750000e+03 1.361202845051887380e+03 1.082159041697809077e+00
1.442828918457031250e+03 1.361593781251275004e+03 1.082306148712419702e+00
1.442849792480468750e+03 1.357252286989443746e+03 1.082310224024580325e+00
1.442870605468750000e+03 1.359369926068727636e+03 1.081679359257724515e+00
1.442891418457031250e+03 1.357765039857052670e+03 1.081603533769088576e+00
1.442912292480468750e+03 1.354923002627932874e+03 1.081712365931277731e+00
1.442933105468750000e+03 1.360332774161841826e+03 1.082036262803567794e+00
1.442953918457031250e+03 1.362204816812943136e+03 1.082615608490837378e+00
1.442974792480468750e+03 1.357753141051102830e+03 1.082284119732378924e+00
1.442995605468750000e+03 1.359392343631581753e+03 1.082100270407677867e+00
1.443016418457031250e+03 1.356582289703472043e+03 1.082044745956701304e+00
1.443037292480468750e+03 1.360672084280274703e+03 1.082259667039444651e+00
1.443058105468750000e+03 1.358281910910265424e+03 1.081700463807841572e+00
1.443078918457031250e+03 1.359924776042948224e+03 1.081849341129561326e+00
1.443099792480468750e+03 1.358984991275103084e+03 1.081631417887947810e+00
1.443120605468750000e+03 1.356453899675912680e+03 1.081601715214627779e+00
1.443141418457031250e+03 1.357353391407503523e+03 1.081969992766242061e+00
1.443162292480468750e+03 1.358230051519901963e+03 1.082510115772229886e+00
1.443183105468750000e+03 1.356827019891415603e+03 1.081296209770127970e+00
1.443203918457031250e+03 1.355437918774053287e+03 1.081733580039521359e+00
1.443224792480468750e+03 1.358617207888371240e+03 1.082073334794726005e+00
1.443245605468750000e+03 1.356836742342659591e+03 1.082357859981438297e+00
1.443266418457031250e+03 1.357561822424746651e+03 1.082092063103794688e+00
1.443287292480468750e+03 1.359558655782356482e+03 1.082645888948569723e+00
1.443308105468750000e+03 1.359883515551239952e+03 1.082483080231759098e+00
1.443328918457031250e+03 1.361038002217328540e+03 1.082040779815462761e+00
1.443349792480468750e+03 1.359510175117476592e+03 1.082305047274066512e+00
1.443370666503906250e+03 1.359133695728606654e+03 1.082441066432768828e+00
1.443391479492187500e+03 1.356702100854992068e+03 1.082247495560668460e+00
1.443412292480468750e+03 1.358908176698479110e+03 1.082783241482185188e+00
1.443433166503906250e+03 1.363512409847843855e+03 1.083265076223121515e+00
1.443453979492187500e+03 1.365076726300345626e+03 1.083720902049002177e+00
1.443474792480468750e+03 1.363719730072923994e+03 1.084301106686349714e+00
1.443495666503906250e+03 1.360566839503645497e+03 1.082412597440279400e+00
1.443516479492187500e+03 1.359500297443678164e+03 1.082950848525153553e+00
1.443537292480468750e+03 1.361864121651603000e+03 1.082856177127564212e+00
1.443558166503906250e+03 1.363320898804922081e+03 1.083303096544897981e+00
1.443578979492187500e+03 1.357509953441949619e+03 1.083209996660778884e+00
1.443599792480468750e+03 1.361859561271832490e+03 1.082977652237275601e+00
1.443620666503906250e+03 1.359861665599696607e+03 1.082724944478990814e+00
1.443641479492187500e+03 1.360486194763157300e+03 1.083584053419715421e+00
1.443662292480468750e+03 1.364547696703998781e+03 1.084226234191404625e+00
1.443683166503906250e+03 1.359783047540432108e+03 1.083635813715552620e+00
1.443703979492187500e+03 1.363354391051662788e+03 1.083712707018682053e+00
1.443724792480468750e+03 1.362849560893869921e+03 1.083966614173894172e+00
1.443745666503906250e+03 1.364115738213009081e+03 1.083597640049118738e+00
1.443766479492187500e+03 1.358257855313213213e+03 1.083595274777704454e+00
1.443787292480468750e+03 1.361940722503807592e+03 1.083409282271754259e+00
1.443808166503906250e+03 1.362023698106125494e+03 1.083479535189914911e+00
1.443828979492187500e+03 1.359183921227172505e+03 1.083338474603826596e+00
1.443849792480468750e+03 1.360846720798553861e+03 1.083357786244958820e+00
1.443870666503906250e+03 1.359898274552138446e+03 1.083616947071543324e+00
1.443891479492187500e+03 1.360497024988613020e+03 1.083549398492327009e+00
1.443912292480468750e+03 1.360497938811867471e+03 1.083181712960025855e+00
1.443933166503906250e+03 1.360355498790298270e+03 1.083009353512767392e+00
1.443953979492187500e+03 1.359478307802154632e+03 1.082837131765039818e+00
1.443974792480468750e+03 1.361162457398928154e+03 1.083559410029640180e+00
1.443995666503906250e+03 1.360749252499892236e+03 1.083127949881787844e+00
1.444016479492187500e+03 1.355744144066075705e+03 1.082126048648621719e+00
1.444058166503906250e+03 1.359536483303822251e+03 1.082182670492157550e+00
1.444078979492187500e+03 1.355316718024524789e+03 1.081870056705211303e+00
1.444099792480468750e+03 1.357249269279777536e+03 1.081935065776595817e+00
1.444120666503906250e+03 1.356847267810916492e+03 1.081987621102588282e+00
1.444141479492187500e+03 1.359479669224664576e+03 1.082313087748269842e+00
1.444162292480468750e+03 1.356873510632278567e+03 1.082402850630559632e+00
1.444183166503906250e+03 1.358771267038444876e+03 1.082107541255761918e+00
1.444203979492187500e+03 1.360636837806793437e+03 1.083056078180151927e+00
1.444224792480468750e+03 1.360502338529720873e+03 1.083514082330816697e+00
1.444245666503906250e+03 1.357464625683694521e+03 1.083105332272498389e+00
1.444266479492187500e+03 1.359188796155130376e+03 1.082854745984794809e+00
1.444287292480468750e+03 1.356489892665490743e+03 1.081869009917021174e+00
1.444308166503906250e+03 1.357339519247942007e+03 1.082442277862648794e+00
1.444328979492187500e+03 1.357093902692833353e+03 1.082323551289635644e+00
1.444349792480468750e+03 1.357075895546250877e+03 1.081266773512727708e+00
1.444370666503906250e+03 1.354077312504986139e+03 1.081532497656704228e+00
1.444391479492187500e+03 1.356705797191283182e+03 1.082627996053184827e+00
1.444412292480468750e+03 1.354089053707461062e+03 1.081091903418099465e+00
1.444433166503906250e+03 1.352839028060417832e+03 1.081677540830744189e+00
1.444453979492187500e+03 1.357027940643283273e+03 1.081873197063704550e+00
1.444474792480468750e+03 1.357801051010930678e+03 1.082224253714149764e+00
1.444495666503906250e+03 1.353109530344146606e+03 1.081729778061111036e+00
1.444516479492187500e+03 1.358610685305683091e+03 1.082160088205447401e+00
1.444537292480468750e+03 1.356765654615961239e+03 1.082229485926924806e+00
1.444558166503906250e+03 1.354231555668987085e+03 1.082022766741056907e+00
1.444578979492187500e+03 1.355038351367037649e+03 1.081786861432562974e+00
1.444599792480468750e+03 1.350445655942497979e+03 1.081268427256299347e+00
1.444620666503906250e+03 1.349566858311607575e+03 1.080917115318419608e+00
1.444641479492187500e+03 1.351769099673747178e+03 1.081526986514249611e+00
1.444662292480468750e+03 1.352424735062844547e+03 1.081127298702637018e+00
1.444683166503906250e+03 1.351765704130832546e+03 1.081109049876662453e+00
1.444703979492187500e+03 1.356984164001144791e+03 1.081628111508257550e+00
1.444724792480468750e+03 1.352767293368201308e+03 1.081742892075124196e+00
1.444745666503906250e+03 1.354588182090926466e+03 1.081274987080884875e+00
1.444766479492187500e+03 1.351614119075358758e+03 1.081658860449304926e+00
1.444787292480468750e+03 1.354525715943659407e+03 1.081554156174503456e+00
1.444808166503906250e+03 1.351636483801948543e+03 1.081446741098704312e+00
1.444828979492187500e+03 1.351660869518019354e+03 1.081918593508509385e+00
1.444849792480468750e+03 1.351564916241316723e+03 1.081883885233075437e+00
1.444870666503906250e+03 1.349671344558953706e+03 1.081380379814794290e+00
1.444891479492187500e+03 1.352584611454276910e+03 1.081700684218724895e+00
1.444912292480468750e+03 1.355678830449502357e+03 1.082521183079761418e+00
1.444933166503906250e+03 1.354028927991380669e+03 1.082560661061085394e+00
1.444953979492187500e+03 1.352403455581551952e+03 1.082228880093056178e+00
1.444974792480468750e+03 1.354708847367665840e+03 1.082494973750261824e+00
1.444995666503906250e+03 1.356940284788363442e+03 1.082556366455081687e+00
1.445016479492187500e+03 1.359671418094256524e+03 1.083251265327212831e+00
1.445037292480468750e+03 1.355104628732163292e+03 1.082421297908148672e+00
1.445058166503906250e+03 1.360481102479324136e+03 1.084049697144981783e+00
1.445078979492187500e+03 1.359670458084063284e+03 1.084054810581114081e+00
1.445099792480468750e+03 1.359107904121186721e+03 1.083530310304981370e+00
1.445120666503906250e+03 1.355126248459971521e+03 1.082649467492160955e+00
1.445141479492187500e+03 1.355334431256416565e+03 1.083012325459769887e+00
1.445162292480468750e+03 1.356601341278760174e+03 1.083164709368129586e+00
1.445183166503906250e+03 1.358507938178086079e+03 1.083130701383541172e+00
1.445203979492187500e+03 1.355798095910682832e+03 1.083325765045334732e+00
1.445224792480468750e+03 1.349481206002400086e+03 1.082815278725409724e+00
1.445245666503906250e+03 1.354386664427829828e+03 1.083839530546595098e+00
1.445266479492187500e+03 1.355142352152646026e+03 1.082743055970942780e+00
1.445287292480468750e+03 1.359647803513862527e+03 1.083100819700260287e+00
1.445308166503906250e+03 1.356777759305085965e+03 1.083047602948448596e+00
1.445328979492187500e+03 1.356749671841877444e+03 1.083668100766989495e+00
1.445349792480468750e+03 1.359889834519143051e+03 1.084075923868454305e+00
1.445370666503906250e+03 1.357943204754764793e+03 1.083542357355733898e+00
1.445391479492187500e+03 1.359626170972909449e+03 1.083247688771680206e+00
1.445412292480468750e+03 1.357871723329635415e+03 1.082908852874249428e+00
1.445433166503906250e+03 1.359079832616158683e+03 1.083942034470103177e+00
1.445454040527343750e+03 1.356157475725423183e+03 1.083078036426508906e+00
1.445474853515625000e+03 1.355703082804405767e+03 1.082564845532599129e+00
1.445495666503906250e+03 1.358262608473826958e+03 1.083025093731883048e+00
1.445516540527343750e+03 1.353902533274937241e+03 1.082603110673185709e+00
1.445537353515625000e+03 1.356755971524361712e+03 1.083081338379936698e+00
1.445558166503906250e+03 1.357983363606761259e+03 1.084025504216909352e+00
1.445579040527343750e+03 1.356997359990632503e+03 1.083777660558068234e+00
1.445599853515625000e+03 1.359301097910326007e+03 1.084639177930278198e+00
1.445620666503906250e+03 1.365863966698671447e+03 1.085877780507188861e+00
1.445641540527343750e+03 1.360229693048092713e+03 1.084546907194019694e+00
1.445662353515625000e+03 1.362971009656586375e+03 1.085260633112925532e+00
1.445683166503906250e+03 1.362773452154117422e+03 1.085592860139771743e+00
1.445704040527343750e+03 1.366470385527208464e+03 1.086441856008185658e+00
1.445724853515625000e+03 1.363995360079145030e+03 1.086157083608877860e+00
1.445745666503906250e+03 1.364264797604788555e+03 1.086459521509083537e+00
1.445766540527343750e+03 1.363134020493671642e+03 1.086307764394073061e+00
1.445787353515625000e+03 1.364458597524487914e+03 1.086180351052490778e+00
1.445808166503906250e+03 1.370327350116597472e+03 1.089465714932772444e+00
1.445829040527343750e+03 1.371563606513553168e+03 1.089024444309235617e+00
1.445849853515625000e+03 1.367463934697152126e+03 1.087875009969145657e+00
1.445870666503906250e+03 1.368782017373532426e+03 1.087963327824115867e+00
1.445891540527343750e+03 1.367765794507384726e+03 1.087254665369132178e+00
1.445912353515625000e+03 1.372584538309392656e+03 1.089225183319368462e+00
1.445933166503906250e+03 1.372282753311083070e+03 1.089031340537784054e+00
1.445954040527343750e+03 1.373989057358245191e+03 1.090644842803490278e+00
1.445974853515625000e+03 1.372886660124841683e+03 1.090143196779048251e+00
1.445995666503906250e+03 1.362987993163471174e+03 1.086856370956000184e+00
1.446016540527343750e+03 1.363663363613588217e+03 1.086869368272595171e+00
1.446037353515625000e+03 1.370643334919110202e+03 1.088610864414131907e+00
1.446058166503906250e+03 1.376319679861482882e+03 1.090470219425425435e+00
1.446079040527343750e+03 1.378363651985150682e+03 1.091427435153920378e+00
1.446099853515625000e+03 1.376598840359323276e+03 1.090945217047359694e+00
1.446120666503906250e+03 1.370653565244551146e+03 1.089588641317262185e+00
1.446141540527343750e+03 1.367415682984043542e+03 1.088161249931861585e+00
1.446162353515625000e+03 1.366135532697966937e+03 1.087297205816162737e+00
1.446183166503906250e+03 1.364624273581852322e+03 1.086711525361695463e+00
1.446204040527343750e+03 1.367228489093871758e+03 1.087547206950243650e+00
1.446224853515625000e+03 1.364443714465634685e+03 1.086255088855688777e+00
1.446245666503906250e+03 1.366944501052513033e+03 1.088140106359243076e+00
1.446266540527343750e+03 1.367896163384740930e+03 1.088527801035984011e+00
1.446287353515625000e+03 1.369704397898494790e+03 1.089433326144635172e+00
1.446308166503906250e+03 1.371528986483398739e+03 1.089214184129968066e+00
1.446329040527343750e+03 1.377696095343904972e+03 1.091866260705396385e+00
1.446349853515625000e+03 1.375804742890925354e+03 1.091304661276471855e+00
1.446370666503906250e+03 1.380810144751920916e+03 1.093043071627603169e+00
1.446391540527343750e+03 1.380718465317121172e+03 1.092624193897131057e+00
1.446412353515625000e+03 1.396341418600785801e+03 1.097812193521119584e+00
1.446433166503906250e+03 1.425129696827155158e+03 1.107021683333255790e+00
1.446454040527343750e+03 1.435619296751036700e+03 1.110934491160163740e+00
1.446474853515625000e+03 1.404706541974994479e+03 1.100353145265766219e+00
1.446495666503906250e+03 1.393111082389830244e+03 1.096822021161332872e+00
1.446516540527343750e+03 1.392804692965297136e+03 1.096810935124811204e+00
1.446537353515625000e+03 1.402174781525607386e+03 1.099339236859150359e+00
1.446558166503906250e+03 1.400462959731629780e+03 1.099597232948060554e+00
1.446579040527343750e+03 1.423695298990743595e+03 1.106720071264283733e+00
1.446599853515625000e+03 1.409389202138191877e+03 1.103165400470384139e+00
1.446620666503906250e+03 1.417165703191072453e+03 1.104615707978261918e+00
1.446641540527343750e+03 1.430513470969354330e+03 1.110317581985400093e+00
1.446662353515625000e+03 1.420809530310574473e+03 1.105551349263413696e+00
1.446683166503906250e+03 1.410614519879086174e+03 1.102911589730547259e+00
1.446704040527343750e+03 1.411157242996423520e+03 1.103134872781377895e+00
1.446724853515625000e+03 1.398571659022135236e+03 1.099274172602357824e+00
1.446745666503906250e+03 1.385823410672549471e+03 1.095039152899870860e+00
1.446766540527343750e+03 1.374967677789398749e+03 1.091145056433693084e+00
1.446787353515625000e+03 1.370072082387353930e+03 1.089667083750267995e+00
1.446808166503906250e+03 1.365410093755686148e+03 1.087574609849849105e+00
1.446829040527343750e+03 1.370421973082387467e+03 1.089360119558791196e+00
1.446849853515625000e+03 1.374293001192678730e+03 1.091154124274730020e+00
1.446870666503906250e+03 1.364934617630351113e+03 1.087730190425496124e+00
1.446891540527343750e+03 1.367384890017196994e+03 1.087997896942742848e+00
1.446912353515625000e+03 1.366132325817137144e+03 1.087797041040440504e+00
1.446933166503906250e+03 1.360081728300461464e+03 1.085520602550408276e+00
1.446954040527343750e+03 1.358031723904767887e+03 1.084425333047705609e+00
1.446974853515625000e+03 1.355608793042697016e+03 1.083724972041029133e+00
1.446995666503906250e+03 1.353652428616738689e+03 1.083528990072097686e+00
1.447016540527343750e+03 1.357987827811948591e+03 1.084080927217424994e+00
1.447058166503906250e+03 1.356122411146827062e+03 1.084237229007925407e+00
1.447079040527343750e+03 1.356485878409384895e+03 1.084859848463434195e+00
1.447099853515625000e+03 1.358761486410174030e+03 1.085839850337120049e+00
1.447120666503906250e+03 1.355800674613237334e+03 1.085125077241354985e+00
1.447141540527343750e+03 1.356913912770703064e+03 1.084267134344807149e+00
1.447162353515625000e+03 1.354605386636018693e+03 1.084343653069152591e+00
1.447183166503906250e+03 1.357538225376310038e+03 1.085185277562962680e+00
1.447204040527343750e+03 1.355415628839435385e+03 1.084424233761785983e+00
1.447224853515625000e+03 1.357381768411203666e+03 1.085071904836620194e+00
1.447245666503906250e+03 1.354243456223113753e+03 1.084497223927456622e+00
1.447266540527343750e+03 1.355944409599088203e+03 1.084769849319117796e+00
1.447287353515625000e+03 1.356624877343253956e+03 1.085383431675692956e+00
1.447308166503906250e+03 1.358216289155181585e+03 1.085725173501226104e+00
1.447329040527343750e+03 1.357414632568290244e+03 1.085515496019044956e+00
1.447349853515625000e+03 1.353946724242506207e+03 1.084673633184571218e+00
1.447370666503906250e+03 1.354820351482058641e+03 1.084660774413854778e+00
1.447391540527343750e+03 1.357600825878173509e+03 1.085560465614705095e+00
1.447412353515625000e+03 1.352362050401439774e+03 1.084412086578181666e+00
1.447433166503906250e+03 1.355603714743687760e+03 1.084491398085603686e+00
1.447454040527343750e+03 1.354717395382916038e+03 1.085134360172965273e+00
1.447474853515625000e+03 1.358682553229387850e+03 1.086240986741646486e+00
1.447495666503906250e+03 1.359297839405722243e+03 1.086434943342687198e+00
1.447516540527343750e+03 1.356557111714312896e+03 1.085793849308189563e+00
1.447537353515625000e+03 1.352917464708213402e+03 1.084250092801720466e+00
1.447558166503906250e+03 1.349824696514871448e+03 1.084056734986314829e+00
1.447579040527343750e+03 1.351938238830926821e+03 1.084164001428336910e+00
1.447599853515625000e+03 1.352011974541501786e+03 1.083687186527278357e+00
1.447620666503906250e+03 1.351432854760470491e+03 1.084033257009466178e+00
1.447641540527343750e+03 1.349443293151635316e+03 1.083725467039017065e+00
1.447662353515625000e+03 1.349643968565592559e+03 1.083705776944681842e+00
1.447683166503906250e+03 1.351200285701609801e+03 1.084200285982348522e+00
1.447704040527343750e+03 1.350003357854760225e+03 1.083785305130110510e+00
1.447724853515625000e+03 1.349783117663712346e+03 1.083369835214175403e+00
1.447745666503906250e+03 1.347726703444959867e+03 1.082924484473250404e+00
1.447766540527343750e+03 1.348288538100278856e+03 1.083563095572279922e+00
1.447787353515625000e+03 1.350320732095996618e+03 1.084013572505848400e+00
1.447808166503906250e+03 1.349554760548990089e+03 1.083649289688738637e+00
1.447829040527343750e+03 1.351508125342521907e+03 1.084173677428143412e+00
1.447849853515625000e+03 1.352053755241449835e+03 1.084491727851072618e+00
1.447870666503906250e+03 1.351677905438268226e+03 1.084614173830733108e+00
1.447891540527343750e+03 1.350335114708771926e+03 1.084405435800102513e+00
1.447912353515625000e+03 1.350068310425653863e+03 1.084350084353864263e+00
1.447933166503906250e+03 1.353345614947809963e+03 1.085047844565827591e+00
1.447954040527343750e+03 1.354268574891933213e+03 1.085357181629945433e+00
1.447974853515625000e+03 1.354110364075849702e+03 1.084801333385396305e+00
1.447995666503906250e+03 1.350595851330313053e+03 1.084698086409148221e+00
1.448016540527343750e+03 1.355077594053019538e+03 1.085078496598526065e+00
1.448037353515625000e+03 1.354098285387373153e+03 1.085028288336238766e+00
1.448058166503906250e+03 1.351909102355723235e+03 1.085185991597831245e+00
1.448079040527343750e+03 1.348869421970135363e+03 1.084064102677507302e+00
1.448099853515625000e+03 1.351797527878714163e+03 1.084625714255996076e+00
1.448120666503906250e+03 1.350560257369552801e+03 1.084903691495778366e+00
1.448141540527343750e+03 1.351999696860998938e+03 1.084557074396124365e+00
1.448162353515625000e+03 1.353063347920731985e+03 1.085570568417775661e+00
1.448183166503906250e+03 1.351359626091018981e+03 1.085145565499421316e+00
1.448204040527343750e+03 1.353002075438752172e+03 1.085447681201115344e+00
1.448224853515625000e+03 1.353301263353650938e+03 1.085127219463390524e+00
1.448245666503906250e+03 1.353931478961045514e+03 1.085826401550542109e+00
1.448266540527343750e+03 1.356757342564957071e+03 1.086402519062756644e+00
1.448287353515625000e+03 1.354087492021380513e+03 1.085794782522654156e+00
1.448308166503906250e+03 1.356424959128924684e+03 1.086693644559288519e+00
1.448329040527343750e+03 1.358710098158819392e+03 1.086506701252578644e+00
1.448349853515625000e+03 1.355442461062503753e+03 1.086414808582229607e+00
1.448370727539062500e+03 1.356096237736494686e+03 1.086958645217314112e+00
1.448391540527343750e+03 1.355061287579041618e+03 1.086675982864401924e+00
1.448412414550781250e+03 1.357571377884381718e+03 1.087073685405978374e+00
1.448433227539062500e+03 1.362563881003678262e+03 1.089132316026268699e+00
1.448454040527343750e+03 1.364557145102618733e+03 1.089612382510066091e+00
1.448474914550781250e+03 1.361781832334374030e+03 1.089534264378034134e+00
1.448495727539062500e+03 1.367236496053335259e+03 1.090005896753581949e+00
1.448516540527343750e+03 1.361390835931837955e+03 1.088164591236056467e+00
1.448537414550781250e+03 1.360997740957870519e+03 1.088849780024812697e+00
1.448558227539062500e+03 1.367817384351914143e+03 1.090330336586933235e+00
1.448579040527343750e+03 1.371188480332906011e+03 1.092065822388642582e+00
1.448599914550781250e+03 1.357930717582180250e+03 1.088931559896521684e+00
1.448620727539062500e+03 1.357939798189683870e+03 1.087284706991511474e+00
1.448641540527343750e+03 1.358238221257674240e+03 1.087755561265557391e+00
1.448662414550781250e+03 1.356727944582914915e+03 1.087775945183501847e+00
1.448683227539062500e+03 1.356850620304921222e+03 1.087830300430676189e+00
1.448704040527343750e+03 1.357871210451032084e+03 1.087595216375523810e+00
1.448724914550781250e+03 1.358949492561852594e+03 1.088682424154044259e+00
1.448745727539062500e+03 1.362707218231886145e+03 1.088747628665973854e+00
1.448766540527343750e+03 1.360712041730276042e+03 1.089196070794909987e+00
1.448787414550781250e+03 1.361218669408427331e+03 1.088821861794853962e+00
1.448808227539062500e+03 1.361417173865698032e+03 1.088585239736867605e+00
1.448829040527343750e+03 1.361455496605612552e+03 1.088955643828560360e+00
1.448849914550781250e+03 1.366133820121629924e+03 1.090753537885972957e+00
1.448870727539062500e+03 1.361454755963379057e+03 1.089560523198582320e+00
1.448891540527343750e+03 1.360000201214773597e+03 1.089211721609661288e+00
1.448912414550781250e+03 1.362742095487092911e+03 1.089661723150096462e+00
1.448933227539062500e+03 1.359826046141174174e+03 1.089067244006295621e+00
1.448954040527343750e+03 1.360745470426630391e+03 1.088914974515429179e+00
1.448974914550781250e+03 1.363716291331684715e+03 1.089822748453561641e+00
1.448995727539062500e+03 1.366118461850607218e+03 1.090236305992305255e+00
1.449016540527343750e+03 1.364702641088984819e+03 1.090073592037732242e+00
1.449037414550781250e+03 1.366546655829854899e+03 1.089821818688244459e+00
1.449058227539062500e+03 1.363983620088528596e+03 1.089416529552710067e+00
1.449079040527343750e+03 1.363080863862528076e+03 1.089456414196893652e+00
1.449099914550781250e+03 1.358804334922142516e+03 1.088077878331590309e+00
1.449120727539062500e+03 1.360675104284373901e+03 1.089313720012561326e+00
1.449141540527343750e+03 1.361137465499275550e+03 1.088277094080671858e+00
1.449162414550781250e+03 1.356187750797453873e+03 1.088095407713510765e+00
1.449183227539062500e+03 1.358483533155964551e+03 1.088149911331308450e+00
1.449204040527343750e+03 1.356978836950633877e+03 1.088028575430801670e+00
1.449224914550781250e+03 1.354147093430766063e+03 1.087734245415907131e+00
1.449245727539062500e+03 1.356803013711391031e+03 1.087644484118881705e+00
1.449266540527343750e+03 1.358800641653230514e+03 1.087943221349744638e+00
1.449287414550781250e+03 1.356708733150000853e+03 1.087412484254048017e+00
1.449308227539062500e+03 1.356388786766571229e+03 1.087680433366424948e+00
1.449329040527343750e+03 1.357508531737293879e+03 1.087411881307802863e+00
1.449349914550781250e+03 1.353830486269450603e+03 1.087703010640068468e+00
1.449370727539062500e+03 1.356595013868429078e+03 1.087639113550010528e+00
1.449391540527343750e+03 1.359102424886607650e+03 1.087990775027155133e+00
1.449412414550781250e+03 1.355675043079076204e+03 1.087014083167460399e+00
1.449433227539062500e+03 1.353603869057970087e+03 1.086968406011048049e+00
1.449454040527343750e+03 1.353517971582292148e+03 1.086554756652607256e+00
1.449474914550781250e+03 1.355495363917639452e+03 1.087008380482083147e+00
1.449495727539062500e+03 1.354276738903314708e+03 1.087159875319775537e+00
1.449516540527343750e+03 1.356087680080957853e+03 1.087075110994481619e+00
1.449537414550781250e+03 1.349221257299592708e+03 1.085727204742508389e+00
1.449558227539062500e+03 1.353579851098747440e+03 1.087034206827761196e+00
1.449579040527343750e+03 1.357999106455726633e+03 1.087114807400441530e+00
1.449599914550781250e+03 1.352137007524438786e+03 1.086470987472405003e+00
1.449620727539062500e+03 1.352983911463596996e+03 1.086261892923057859e+00
1.449641540527343750e+03 1.350352961818863832e+03 1.086526011440445139e+00
1.449662414550781250e+03 1.352077369981076117e+03 1.086022023815428117e+00
1.449683227539062500e+03 1.351852756811754716e+03 1.085895070955489317e+00
1.449704040527343750e+03 1.351183060401324383e+03 1.085789787071175683e+00
1.449724914550781250e+03 1.348833778128137283e+03 1.085623167362544050e+00
1.449745727539062500e+03 1.352252472563941410e+03 1.086172339206001869e+00
1.449766540527343750e+03 1.351123534497570517e+03 1.085552449193193381e+00
1.449787414550781250e+03 1.348670196426098073e+03 1.085482110791986310e+00
1.452037414550781250e+03 1.354466003388817626e+03 1.082491614945777503e+00
1.452058288574218750e+03 1.352535775190390950e+03 1.081800691023902194e+00
1.452079101562500000e+03 1.356048672085498083e+03 1.083006271485039695e+00
1.452099914550781250e+03 1.354462755950716428e+03 1.082735293940060517e+00
1.452120788574218750e+03 1.353721972065037789e+03 1.082275638455518108e+00
1.452141601562500000e+03 1.358990235172509983e+03 1.083903541644043678e+00
1.452162414550781250e+03 1.356081395919159604e+03 1.082916283415995329e+00
1.452183288574218750e+03 1.353412958524636451e+03 1.082124120809967449e+00
1.452204101562500000e+03 1.351866372329000569e+03 1.081544401628565577e+00
1.452224914550781250e+03 1.355017659457402488e+03 1.082373389400927532e+00
1.452245788574218750e+03 1.354706206872875555e+03 1.082178815013151718e+00
1.452266601562500000e+03 1.355325911965367595e+03 1.082465404900355921e+00
1.452287414550781250e+03 1.353452408946452351e+03 1.082159151856555424e+00
1.452308288574218750e+03 1.355442443024789100e+03 1.082119438901793851e+00
1.452329101562500000e+03 1.353479238711839798e+03 1.081994176566904997e+00
1.452349914550781250e+03 1.354215789340044239e+03 1.082027173637120754e+00
1.452370788574218750e+03 1.355022149075786729e+03 1.082485668184408834e+00
1.452391601562500000e+03 1.356280821128817024e+03 1.082533571722630317e+00
1.452412414550781250e+03 1.352891444512780708e+03 1.081433072330044487e+00
1.452433288574218750e+03 1.354737415538134883e+03 1.082223042040215688e+00
1.452454101562500000e+03 1.354777013875022249e+03 1.082014779196193155e+00
1.452474914550781250e+03 1.356620215486745110e+03 1.082541940858905871e+00
1.452495788574218750e+03 1.354019024669070632e+03 1.081804051973579428e+00
1.452516601562500000e+03 1.355526087638206491e+03 1.082088592882756828e+00
1.452537414550781250e+03 1.355875246823841735e+03 1.082285992213118719e+00
1.452558288574218750e+03 1.353261336667594605e+03 1.081515909032962020e+00
1.452579101562500000e+03 1.355502411579931277e+03 1.082064631529018328e+00
1.452599914550781250e+03 1.356785373009177420e+03 1.082262420748686615e+00
1.452620788574218750e+03 1.353983033322129586e+03 1.081894408018323261e+00
1.452641601562500000e+03 1.353881110028205285e+03 1.081778651750889386e+00
1.452662414550781250e+03 1.354774979475316059e+03 1.081818101732121340e+00
1.452683288574218750e+03 1.356154907585917272e+03 1.082090135204591963e+00
1.452704101562500000e+03 1.351709447242168835e+03 1.081170686668362135e+00
1.452724914550781250e+03 1.355936094496899386e+03 1.081901570064929707e+00
1.452745788574218750e+03 1.352160084991596705e+03 1.081021660745649315e+00
1.452766601562500000e+03 1.356927780441903451e+03 1.082527294827962505e+00
1.452787414550781250e+03 1.353489028625259607e+03 1.081158999103070339e+00
1.452808288574218750e+03 1.355088255064455325e+03 1.081558013880259184e+00
1.452829101562500000e+03 1.353906482758163065e+03 1.081404687036763512e+00
1.452849914550781250e+03 1.356141353032526922e+03 1.081836834459678487e+00
1.452870788574218750e+03 1.357307402420632343e+03 1.082094211330288491e+00
1.452891601562500000e+03 1.354767124467839267e+03 1.081464763767498338e+00
1.452912414550781250e+03 1.354299649361150159e+03 1.081211316513722265e+00
1.452933288574218750e+03 1.356774858355981905e+03 1.082055212092949192e+00
1.452954101562500000e+03 1.357564172516736335e+03 1.081812647141650485e+00
1.452974914550781250e+03 1.357359369974627498e+03 1.081938040674530699e+00
1.452995788574218750e+03 1.356345244390352718e+03 1.081595653344342045e+00
1.453016601562500000e+03 1.355266502754440808e+03 1.081459142049831179e+00
1.453037414550781250e+03 1.356921624807254375e+03 1.081991201823313764e+00
1.453058288574218750e+03 1.355369378841595108e+03 1.081603643984412111e+00
1.453079101562500000e+03 1.354575710395533861e+03 1.081552613088348602e+00
1.453099914550781250e+03 1.354968521045706439e+03 1.081615932922554757e+00
1.453120788574218750e+03 1.357650000071381783e+03 1.082086554811245938e+00
1.453141601562500000e+03 1.355009274179285512e+03 1.081304423114687774e+00
1.453162414550781250e+03 1.356725532405283047e+03 1.081502682041011854e+00
1.453183288574218750e+03 1.356942917310583198e+03 1.081634062984422995e+00
1.453204101562500000e+03 1.356308573037845008e+03 1.081906308008166340e+00
1.453224914550781250e+03 1.354947578442410304e+03 1.081300233765526198e+00
1.453245788574218750e+03 1.357010935249341856e+03 1.081494580428555841e+00
1.453266601562500000e+03 1.353565079678211305e+03 1.081181657428370357e+00
1.453287414550781250e+03 1.354880475048421431e+03 1.081267104261644407e+00
1.453308288574218750e+03 1.354463081343873910e+03 1.080865500556509540e+00
1.453329101562500000e+03 1.353758268345318356e+03 1.080888275322597014e+00
1.453349914550781250e+03 1.355851635436489232e+03 1.081470495684835775e+00
1.453370788574218750e+03 1.354726324322966320e+03 1.081044211677167244e+00
1.453391601562500000e+03 1.355648170024551746e+03 1.081515413023683259e+00
1.453412414550781250e+03 1.355898607690643757e+03 1.081302989918117019e+00
1.453433288574218750e+03 1.352951362292881868e+03 1.080356224086690631e+00
1.453454101562500000e+03 1.357179168515209994e+03 1.081823446102170960e+00
1.453474914550781250e+03 1.354821632146332377e+03 1.081014051767748230e+00
1.453495788574218750e+03 1.354854607467128517e+03 1.080966466872326892e+00
1.453516601562500000e+03 1.356408383920759888e+03 1.081284523561610866e+00
1.453537414550781250e+03 1.357080938168742478e+03 1.081476337800091114e+00
1.453558288574218750e+03 1.357575049089944287e+03 1.081474684374447159e+00
1.453579101562500000e+03 1.357013963305322250e+03 1.081513869882250178e+00
1.453599914550781250e+03 1.355823890359379448e+03 1.080947498496960257e+00
1.453620788574218750e+03 1.357331204224254407e+03 1.081453189611036869e+00
1.453641601562500000e+03 1.356028707725954973e+03 1.081090800742647406e+00
1.453662414550781250e+03 1.357105233940238577e+03 1.081251007697016098e+00
1.453683288574218750e+03 1.356626350865648874e+03 1.081135513330407694e+00
1.453704101562500000e+03 1.356445580202352630e+03 1.080812559778662640e+00
1.453724914550781250e+03 1.358125043398077196e+03 1.081777715071839507e+00
1.453745788574218750e+03 1.357058459534947815e+03 1.081438914647466998e+00
1.453766601562500000e+03 1.355928215709996266e+03 1.080793478404232788e+00
1.453787414550781250e+03 1.357137091014711586e+03 1.081251724329990171e+00
1.453808288574218750e+03 1.355909755298848040e+03 1.080465678378226047e+00
1.453829101562500000e+03 1.356400813114588800e+03 1.081086775967702529e+00
1.453849914550781250e+03 1.355466141644276831e+03 1.080493922847125754e+00
1.453870788574218750e+03 1.357371193394265447e+03 1.081765758568007829e+00
1.453891601562500000e+03 1.356308175599510832e+03 1.081028608026524562e+00
1.453912414550781250e+03 1.357899286857277048e+03 1.081461897797437066e+00
1.453933288574218750e+03 1.359020358948726198e+03 1.081922174457688124e+00
1.453954101562500000e+03 1.358865226754256355e+03 1.081974289699698444e+00
1.453974914550781250e+03 1.357952792498172357e+03 1.081854464965779972e+00
1.453995788574218750e+03 1.357746484680639014e+03 1.081426403231012134e+00
1.454016601562500000e+03 1.359265364315623628e+03 1.081764932076684671e+00
1.454037414550781250e+03 1.359162431378895462e+03 1.082084076070451095e+00
1.454058288574218750e+03 1.357955078290862502e+03 1.081447622948814136e+00
1.454079101562500000e+03 1.359231665093416723e+03 1.082235929775265504e+00
1.454099914550781250e+03 1.359870353135113419e+03 1.082299099487589844e+00
1.454120788574218750e+03 1.357872474902075055e+03 1.081425411130121139e+00
1.454141601562500000e+03 1.358047230000773197e+03 1.081580498519988831e+00
1.454162414550781250e+03 1.357390761243824045e+03 1.081420285261018854e+00
1.454183288574218750e+03 1.360744059287068239e+03 1.082568424344087843e+00
1.454204101562500000e+03 1.358463720903972217e+03 1.081119910997508704e+00
1.454224914550781250e+03 1.358182512721607281e+03 1.081696275992523493e+00
1.454245788574218750e+03 1.359038455215162003e+03 1.081548314479593653e+00
1.454266601562500000e+03 1.355294613164714747e+03 1.080386898887542912e+00
1.454287414550781250e+03 1.358633011312881308e+03 1.081048512290402774e+00
1.454308288574218750e+03 1.356821711919358677e+03 1.080688359359550432e+00
1.454329101562500000e+03 1.356771698876767459e+03 1.080201016103644163e+00
1.454349914550781250e+03 1.359653756080629364e+03 1.080894341159999383e+00
1.454370788574218750e+03 1.357403778590794673e+03 1.079946389192240286e+00
1.454391601562500000e+03 1.354166203438607909e+03 1.079806799032162035e+00
1.454412414550781250e+03 1.355612595092895390e+03 1.079862604143610350e+00
1.454433288574218750e+03 1.357285195771172994e+03 1.079872153097259924e+00
1.454454101562500000e+03 1.354734642812418315e+03 1.079673870790085255e+00
1.454474914550781250e+03 1.356211630659048069e+03 1.079842236440108794e+00
1.454495788574218750e+03 1.357889263210072841e+03 1.080207803125843080e+00
1.454516601562500000e+03 1.357796431256625738e+03 1.080299009945666633e+00
1.454537414550781250e+03 1.356568124230746889e+03 1.079567207226781900e+00
1.454558288574218750e+03 1.357798354635792066e+03 1.080323231152463981e+00
1.454579101562500000e+03 1.356401326023322554e+03 1.079614412122216649e+00
1.454620788574218750e+03 1.358472391785680202e+03 1.081807743496437935e+00
1.454641601562500000e+03 1.355491579530073977e+03 1.080692054693489723e+00
1.454662414550781250e+03 1.356061915613966221e+03 1.081137057011881231e+00
1.454683288574218750e+03 1.355657896432770485e+03 1.080970657515016642e+00
1.454704101562500000e+03 1.355403362018930466e+03 1.080919265880012858e+00
1.454724914550781250e+03 1.354508555184752367e+03 1.080498225650627919e+00
1.454745788574218750e+03 1.356666876453517716e+03 1.081122061155702196e+00
1.454766601562500000e+03 1.355447364469109743e+03 1.080589628594935681e+00
1.454787414550781250e+03 1.356953841629006320e+03 1.080666904111346138e+00
1.454808288574218750e+03 1.353497349191857211e+03 1.080272912228956050e+00
1.454829101562500000e+03 1.354030143826961876e+03 1.080219721695777402e+00
1.454849914550781250e+03 1.352996992639539258e+03 1.080081712051146781e+00
1.454870788574218750e+03 1.357086873789590527e+03 1.080819949584622020e+00
1.454891601562500000e+03 1.355011691709461729e+03 1.080142524551469307e+00
1.454912414550781250e+03 1.354056060846409309e+03 1.080004560231365041e+00
1.454933288574218750e+03 1.357803987809872979e+03 1.081598188312412612e+00
1.454954101562500000e+03 1.355576518108574646e+03 1.080655431721589510e+00
1.454974914550781250e+03 1.353331097262404910e+03 1.079605247356613340e+00
1.454995788574218750e+03 1.355875069056039365e+03 1.080546713751733279e+00
1.455016601562500000e+03 1.354757928928463798e+03 1.080194449757028163e+00
1.455037414550781250e+03 1.354546662277718497e+03 1.079892299456570059e+00
1.455058288574218750e+03 1.353636387025197337e+03 1.079806909430877315e+00
1.455079101562500000e+03 1.356829820920058410e+03 1.080551512796988911e+00
1.455099914550781250e+03 1.353918568234896384e+03 1.080104337791517377e+00
1.455120788574218750e+03 1.354000582327730172e+03 1.079623079931352203e+00
1.455141601562500000e+03 1.355861156613974572e+03 1.080160624162626037e+00
1.455162414550781250e+03 1.355333585288544555e+03 1.080092528317869727e+00
1.455183288574218750e+03 1.354308994743120365e+03 1.079891913091570066e+00
1.455204101562500000e+03 1.355136142300907068e+03 1.080218176703389599e+00
1.455224914550781250e+03 1.355276911905721363e+03 1.080013997552373262e+00
1.455245788574218750e+03 1.353483580139773494e+03 1.079699541347724612e+00
1.455266601562500000e+03 1.356045969652557005e+03 1.080631714375840602e+00
1.455287414550781250e+03 1.354670387817600840e+03 1.079974040143291125e+00
1.455308288574218750e+03 1.354993185047743964e+03 1.080008864984509875e+00
1.455329101562500000e+03 1.355557687934927571e+03 1.079717261957237051e+00
1.455349914550781250e+03 1.354114537484840412e+03 1.079762362632628259e+00
1.455370788574218750e+03 1.354635770806094342e+03 1.079665313801904780e+00
1.455391601562500000e+03 1.353746681842184898e+03 1.079568366669992008e+00
1.455412414550781250e+03 1.354190475369436399e+03 1.079637434111906824e+00
1.455433288574218750e+03 1.353109396946355901e+03 1.079552189564115361e+00
1.455454101562500000e+03 1.353928681870920400e+03 1.079679612215104667e+00
1.455474914550781250e+03 1.352522243510818498e+03 1.078937058834137597e+00
1.455495788574218750e+03 1.353357207106336773e+03 1.079218379123215943e+00
1.455516601562500000e+03 1.354464334035254979e+03 1.079362849712183658e+00
1.455537414550781250e+03 1.353507882846800385e+03 1.079102998620367959e+00
1.455558288574218750e+03 1.353594166915053847e+03 1.079037763686012230e+00
1.455579101562500000e+03 1.355466379661459769e+03 1.079833128806113152e+00
1.455599914550781250e+03 1.352922938746288310e+03 1.078688985396428324e+00
1.455620788574218750e+03 1.352959135573234789e+03 1.078937777004041809e+00
1.455641601562500000e+03 1.354021147841720904e+03 1.078921811421820864e+00
1.455662414550781250e+03 1.352359970240817347e+03 1.078497780745853118e+00
1.455683288574218750e+03 1.354582730009144825e+03 1.079174526043604310e+00
1.455704101562500000e+03 1.353395935504437375e+03 1.078605544760620205e+00
1.455724914550781250e+03 1.354388223007439819e+03 1.079023346288641383e+00
1.455745788574218750e+03 1.355425058295065355e+03 1.079386208392661528e+00
1.455766601562500000e+03 1.353372106769735183e+03 1.078977220370829881e+00
1.455787414550781250e+03 1.354492328141072903e+03 1.078999261624257633e+00
1.455808288574218750e+03 1.354992092587030811e+03 1.079595806462502416e+00
1.455829101562500000e+03 1.354141365665321928e+03 1.078922363868058287e+00
1.455849914550781250e+03 1.352731950523010255e+03 1.079115039862104775e+00
1.455870788574218750e+03 1.355507919236754105e+03 1.079203135685504522e+00
1.455891601562500000e+03 1.353815732864324673e+03 1.079100954910038324e+00
1.455912414550781250e+03 1.354049360192194627e+03 1.079043287542008400e+00
1.455933288574218750e+03 1.354609877985587218e+03 1.079183363079586178e+00
1.455954101562500000e+03 1.353839479192781937e+03 1.079106091796207201e+00
1.455974914550781250e+03 1.355682358154850363e+03 1.079688776349474022e+00
1.455995788574218750e+03 1.354573239439156623e+03 1.079309117306100241e+00
1.456016601562500000e+03 1.352589151930999606e+03 1.078744516811823484e+00
1.456037414550781250e+03 1.355900695777944065e+03 1.078904630202638826e+00
1.456058288574218750e+03 1.355758923704062909e+03 1.079222907929165753e+00
1.456079101562500000e+03 1.356705941754008336e+03 1.079649303770902957e+00
1.456099914550781250e+03 1.356622030396467835e+03 1.079618718430995106e+00
1.456120788574218750e+03 1.355468017991133365e+03 1.078662627694340959e+00
1.456141601562500000e+03 1.356539954712113968e+03 1.079762583439134449e+00
1.456162414550781250e+03 1.354273852415572037e+03 1.078799990117854879e+00
1.456183288574218750e+03 1.355963285758143229e+03 1.079589236434841615e+00
1.456204101562500000e+03 1.357893430299331385e+03 1.079851123208932506e+00
1.456224914550781250e+03 1.356115986561929503e+03 1.079504595444170878e+00
1.456245788574218750e+03 1.356427871312140951e+03 1.079272392180269824e+00
1.456266601562500000e+03 1.355918341547766204e+03 1.079119900508776819e+00
1.456287414550781250e+03 1.355457724135175340e+03 1.078705451726217124e+00
1.456308288574218750e+03 1.354027597602474088e+03 1.078934683345664114e+00
1.456329101562500000e+03 1.356478888739845161e+03 1.079399350879552522e+00
1.456349914550781250e+03 1.357585457315766007e+03 1.079272281726878724e+00
1.456370788574218750e+03 1.355877646386467859e+03 1.079328169698617890e+00
1.456391601562500000e+03 1.356081379220230701e+03 1.079288849609226775e+00
1.456412414550781250e+03 1.357845421037432288e+03 1.079710968689965522e+00
1.456433288574218750e+03 1.354916381648247580e+03 1.078983186468831956e+00
1.456454101562500000e+03 1.357413748189549551e+03 1.079483282315810699e+00
1.456474914550781250e+03 1.357708581256547404e+03 1.079657087988043607e+00
1.456495788574218750e+03 1.356582124454972700e+03 1.078788663628760025e+00
1.456516601562500000e+03 1.354917433430307028e+03 1.078691969246648341e+00
1.456537414550781250e+03 1.358190790164086366e+03 1.079183086923307222e+00
1.456558288574218750e+03 1.355570431586958875e+03 1.078990588803829143e+00
1.456579101562500000e+03 1.355292121264334583e+03 1.078855294827403721e+00
1.456599914550781250e+03 1.355407830432056926e+03 1.078940870653548822e+00
1.456620788574218750e+03 1.355473224868945636e+03 1.078607699931094954e+00
1.456641601562500000e+03 1.357897833260664356e+03 1.079161767445248055e+00
1.456662414550781250e+03 1.356164658847880219e+03 1.079020473833967930e+00
1.456683288574218750e+03 1.355502547044182165e+03 1.078577140316595795e+00
1.456704101562500000e+03 1.357098725427714953e+03 1.079006663848974146e+00
1.456724914550781250e+03 1.354888551579052546e+03 1.078567745686056512e+00
1.456745788574218750e+03 1.357189058521468951e+03 1.078449255791622763e+00
1.456766601562500000e+03 1.354857065042660679e+03 1.077982906984547018e+00
1.456787414550781250e+03 1.355495363268192932e+03 1.078348164336044412e+00
1.456808288574218750e+03 1.357260441361641369e+03 1.078373921724671058e+00
1.456829101562500000e+03 1.355916543306451558e+03 1.078288411458136808e+00
1.456849914550781250e+03 1.357385682767369872e+03 1.078320526968739923e+00
1.456870788574218750e+03 1.356435161039623836e+03 1.077914950046614972e+00
1.456891601562500000e+03 1.354970073106054770e+03 1.077719349495431134e+00
1.456912414550781250e+03 1.356370681893885603e+03 1.077903282476633695e+00
1.456933288574218750e+03 1.356077878789501938e+03 1.078087792238244580e+00
1.456954101562500000e+03 1.356580266499361642e+03 1.077981469371958267e+00
1.456974914550781250e+03 1.357690545386136819e+03 1.078338049141793320e+00
1.456995788574218750e+03 1.357337242389900211e+03 1.077825532316243118e+00
1.457016601562500000e+03 1.357764246510178964e+03 1.078395698950960213e+00
1.457037414550781250e+03 1.356134105424194331e+03 1.077669849240808775e+00
1.457058288574218750e+03 1.354933071886748166e+03 1.077414402847651775e+00
1.457079101562500000e+03 1.355564767600802043e+03 1.077826748933780721e+00
1.457099914550781250e+03 1.356794037488728918e+03 1.077715422742616891e+00
1.457120788574218750e+03 1.358208117449383280e+03 1.078402773691255145e+00
1.457141601562500000e+03 1.357482218088300669e+03 1.078308919063241111e+00
1.457162414550781250e+03 1.356468011174990806e+03 1.077276697762403979e+00
1.457183288574218750e+03 1.357688179223864609e+03 1.077331084798679006e+00
1.457204101562500000e+03 1.358887185515973442e+03 1.078157452081079937e+00
1.457224914550781250e+03 1.355880609823080249e+03 1.077605246605876532e+00
1.457245788574218750e+03 1.356762796587020830e+03 1.077880389341984158e+00
1.457266601562500000e+03 1.356597498827585696e+03 1.077423309641655891e+00
1.457287414550781250e+03 1.356775034001711902e+03 1.077710058000857174e+00
1.457308288574218750e+03 1.357579044049348795e+03 1.077736273083289120e+00
1.457329101562500000e+03 1.360301081365353184e+03 1.078149546468188502e+00
1.457349914550781250e+03 1.354592918769278413e+03 1.076772311158168849e+00
1.457370788574218750e+03 1.357742635538623063e+03 1.077669517387854103e+00
1.457391601562500000e+03 1.359542225330561223e+03 1.078151204993180512e+00
1.457412414550781250e+03 1.357046203365419160e+03 1.077788701335262722e+00
1.457433288574218750e+03 1.358682008276956822e+03 1.077657681232313314e+00
1.457454101562500000e+03 1.355920383737405473e+03 1.076603188597045957e+00
1.457474914550781250e+03 1.359152988445080155e+03 1.077887190976236642e+00
1.457495788574218750e+03 1.358671360578930035e+03 1.077341098795969732e+00
1.457516601562500000e+03 1.357076805061336927e+03 1.077988602123268302e+00
1.457537414550781250e+03 1.359314708618473560e+03 1.078038806510503322e+00
1.457558288574218750e+03 1.356807916119960510e+03 1.077645513086425533e+00
1.457579101562500000e+03 1.361503696994835309e+03 1.077934856509536354e+00
1.457620788574218750e+03 1.357538084408994337e+03 1.078533316428802680e+00
1.457641601562500000e+03 1.355957262597566114e+03 1.078318702877579582e+00
1.457662414550781250e+03 1.355959733713956439e+03 1.078509110289796569e+00
1.457683288574218750e+03 1.358359871494397794e+03 1.078953024190738130e+00
1.457704101562500000e+03 1.356211843640555571e+03 1.078549619344112198e+00
1.457724914550781250e+03 1.356948720115726019e+03 1.078521987139137384e+00
1.457745788574218750e+03 1.360153363658709168e+03 1.079349982894492355e+00
1.457766601562500000e+03 1.358400884161355862e+03 1.078454948467634678e+00
1.457787414550781250e+03 1.358209760382356535e+03 1.079287303284302002e+00
1.457808288574218750e+03 1.356374744335211290e+03 1.078270888478458644e+00
1.457829101562500000e+03 1.358578062688565751e+03 1.078594326752452259e+00
1.457849914550781250e+03 1.359160110260185775e+03 1.078832256147071789e+00
1.457870788574218750e+03 1.359132511162963056e+03 1.078810321982242471e+00
1.457891601562500000e+03 1.359107936109532830e+03 1.079309227755721690e+00
1.457912414550781250e+03 1.362734198921398047e+03 1.080028788041623056e+00
1.457933288574218750e+03 1.358861584140840023e+03 1.078600516012766075e+00
1.457954101562500000e+03 1.360155969153126080e+03 1.079792999103854401e+00
1.457974914550781250e+03 1.360697340626093819e+03 1.079715274613640252e+00
1.457995788574218750e+03 1.358887459476133927e+03 1.079107417440281491e+00
1.458016601562500000e+03 1.359016626801178973e+03 1.079205510583075123e+00
1.458037414550781250e+03 1.359353761310946766e+03 1.079352026133297393e+00
1.458058288574218750e+03 1.358911810931077298e+03 1.079003680869003112e+00
1.458079101562500000e+03 1.358805637790349010e+03 1.078924905117106814e+00
1.458099914550781250e+03 1.358286963243694345e+03 1.078273873485655843e+00
1.458120788574218750e+03 1.362824409390276742e+03 1.080038666651100376e+00
1.458141601562500000e+03 1.357523767095799258e+03 1.078501096722253472e+00
1.458162414550781250e+03 1.356708815645042250e+03 1.078751589264478117e+00
1.458183288574218750e+03 1.358684702845812126e+03 1.079246545778587141e+00
1.458204101562500000e+03 1.357543530716967553e+03 1.078470699890289319e+00
1.458224914550781250e+03 1.358425413165621876e+03 1.078409406218129529e+00
1.458245788574218750e+03 1.360326852321573369e+03 1.078915458269759320e+00
1.458266601562500000e+03 1.359505499425879862e+03 1.078737499566878810e+00
1.458287414550781250e+03 1.361061292054230535e+03 1.079102059618805232e+00
1.458308288574218750e+03 1.357520941754296246e+03 1.078576808742793380e+00
1.458329101562500000e+03 1.360218240553116857e+03 1.078567027269764722e+00
1.458349914550781250e+03 1.360863387414216504e+03 1.078860653874359476e+00
1.458370788574218750e+03 1.360763685646018757e+03 1.079025279667289228e+00
1.458391601562500000e+03 1.359862094234564438e+03 1.078579903427651976e+00
1.458412414550781250e+03 1.361724159041410303e+03 1.078923082047744009e+00
1.458433288574218750e+03 1.359557419664236704e+03 1.078760761282455460e+00
1.458454101562500000e+03 1.358723468281632677e+03 1.078047984592826802e+00
1.458474914550781250e+03 1.358878008430345744e+03 1.078676221055090201e+00
1.458495788574218750e+03 1.358875294192447882e+03 1.078406089959791370e+00
1.458516601562500000e+03 1.357282468636010208e+03 1.077548882068215086e+00
1.458537414550781250e+03 1.357714871775434403e+03 1.077925345689780157e+00
1.458558288574218750e+03 1.357408201289355929e+03 1.077579138962816208e+00
1.458579101562500000e+03 1.355802949773692717e+03 1.077467344634472912e+00
1.458599914550781250e+03 1.356612814608682129e+03 1.077980971736384630e+00
1.458620788574218750e+03 1.357519234049331772e+03 1.078015584507468594e+00
1.458641601562500000e+03 1.357451261588853413e+03 1.077349563594012238e+00
1.458662414550781250e+03 1.353176314606290362e+03 1.076474294384799801e+00
1.458683288574218750e+03 1.356926213876445217e+03 1.077651375937504818e+00
1.458704101562500000e+03 1.359601816608809031e+03 1.078144681446826958e+00
1.458724914550781250e+03 1.357303069794181511e+03 1.077488918911274407e+00
1.458745788574218750e+03 1.356405856266118008e+03 1.076884620433128381e+00
1.458766601562500000e+03 1.358911580775511993e+03 1.078424550334920573e+00
1.458787414550781250e+03 1.359605243260381940e+03 1.077882877749738233e+00
1.458808288574218750e+03 1.356443878270163168e+03 1.077247981627532880e+00
1.458829101562500000e+03 1.355569018928368450e+03 1.076701509888218222e+00
1.458849914550781250e+03 1.352588364425204645e+03 1.075878290191969899e+00
1.458870788574218750e+03 1.358070694266834153e+03 1.077430390766959123e+00
1.458891601562500000e+03 1.356483176603903303e+03 1.077066537712576100e+00
1.458912414550781250e+03 1.355796672492416974e+03 1.077417832801886632e+00
1.458933288574218750e+03 1.356926038739391061e+03 1.077079653164880746e+00
1.458954101562500000e+03 1.358059327101884264e+03 1.077793844475779306e+00
1.458974914550781250e+03 1.357223006295494770e+03 1.076908254259405728e+00
1.458995788574218750e+03 1.359195218931904265e+03 1.077634340395115631e+00
1.459016601562500000e+03 1.361205755472798046e+03 1.078230866472709382e+00
1.459037414550781250e+03 1.357567321458153174e+03 1.077589537845593526e+00
1.459058288574218750e+03 1.356760576547129631e+03 1.077288150804977196e+00
1.459079101562500000e+03 1.357617807759784682e+03 1.077376008743750502e+00
1.459099914550781250e+03 1.357878035044442640e+03 1.077018114300683171e+00
1.459120788574218750e+03 1.359466603800840858e+03 1.077486872139458374e+00
1.459141601562500000e+03 1.357805979253956821e+03 1.077507505634125895e+00
1.459162414550781250e+03 1.357255286444120429e+03 1.077839357434669187e+00
1.459183288574218750e+03 1.358331199801853245e+03 1.077212348210937698e+00
1.459204101562500000e+03 1.356829869286187659e+03 1.077428343883958251e+00
1.459224914550781250e+03 1.358112833329884097e+03 1.077263474049718006e+00
1.459245788574218750e+03 1.355497009782259283e+03 1.077135212212695592e+00
1.459266601562500000e+03 1.358033522517634765e+03 1.077406989683453942e+00
1.459287414550781250e+03 1.357976241792673136e+03 1.077132832750463454e+00
1.459308288574218750e+03 1.356130287220925993e+03 1.076809066197515818e+00
1.459329101562500000e+03 1.360414821157160532e+03 1.077970631923047540e+00
1.459349914550781250e+03 1.361102675577857553e+03 1.077698720056701642e+00
1.459370788574218750e+03 1.357221946494420081e+03 1.077253127349612871e+00
1.459391601562500000e+03 1.360170752084850619e+03 1.077686552374182538e+00
1.459412414550781250e+03 1.359834290965854962e+03 1.077701098269507884e+00
1.459433288574218750e+03 1.356967849488263028e+03 1.076716179806591178e+00
1.459454101562500000e+03 1.356998115547268981e+03 1.077209138932328614e+00
1.459474914550781250e+03 1.360335203047585082e+03 1.077261924817525474e+00
1.459495788574218750e+03 1.362222405181612885e+03 1.078146339979302981e+00
1.459516601562500000e+03 1.357971066688172186e+03 1.077973728348139870e+00
1.459537414550781250e+03 1.361554693965817478e+03 1.078005189734513092e+00
1.459558288574218750e+03 1.357963283445700426e+03 1.077324390306588553e+00
1.459579101562500000e+03 1.361887742086220214e+03 1.078954073807982361e+00
1.459599914550781250e+03 1.360337163722317655e+03 1.078131689520828163e+00
1.459620788574218750e+03 1.361480345328002386e+03 1.078305491943439609e+00
1.459641601562500000e+03 1.363185129144223083e+03 1.078042621506018817e+00
1.459662414550781250e+03 1.362458113413283627e+03 1.078290346154525459e+00
1.459683288574218750e+03 1.363548979372581471e+03 1.077924129183525537e+00
1.459704101562500000e+03 1.359174225163078972e+03 1.076796168864238012e+00
1.459724914550781250e+03 1.357115960301553059e+03 1.076450208059015479e+00
1.459745788574218750e+03 1.361324019144366275e+03 1.076531767164260689e+00
1.459766601562500000e+03 1.356739442937006515e+03 1.076084472651708035e+00
1.459787414550781250e+03 1.356064188947017783e+03 1.075949644208007427e+00
1.459808288574218750e+03 1.355881833101251004e+03 1.075848705695078733e+00
1.459829101562500000e+03 1.356024732380600653e+03 1.075806155778726403e+00
1.459849914550781250e+03 1.356305964396371792e+03 1.075661539967695424e+00
1.459870788574218750e+03 1.353356764560444390e+03 1.075146804810215517e+00
1.459891601562500000e+03 1.358804784219355952e+03 1.075918178113407064e+00
1.459912414550781250e+03 1.357465879010571371e+03 1.076165339455257053e+00
1.459933288574218750e+03 1.357844938811437942e+03 1.075868484184821616e+00
1.459954101562500000e+03 1.356739059723354785e+03 1.076082700160558625e+00
1.459974914550781250e+03 1.358968295472252066e+03 1.076403750381967450e+00
1.459995788574218750e+03 1.356008632611554049e+03 1.075227963872553927e+00
1.460016601562500000e+03 1.354655008820687499e+03 1.075115814180387153e+00
1.460037414550781250e+03 1.357295991310719501e+03 1.075740222245517685e+00
1.460058288574218750e+03 1.355109499199638094e+03 1.075343039582544291e+00
1.460079101562500000e+03 1.357298031459525419e+03 1.076014180061612535e+00
1.460099914550781250e+03 1.359421738483724312e+03 1.076188102918283596e+00
1.460120788574218750e+03 1.358126604129022098e+03 1.075473454919710470e+00
1.460141601562500000e+03 1.357860122565176425e+03 1.075795185605545656e+00
1.460162414550781250e+03 1.356903723558008551e+03 1.075764878535586888e+00
1.460183288574218750e+03 1.359912083741279957e+03 1.076249578478084779e+00
1.460204101562500000e+03 1.359249001940719609e+03 1.076262482361399098e+00
1.460224914550781250e+03 1.358687805326188254e+03 1.075883165461694935e+00
1.460245788574218750e+03 1.357173608260292212e+03 1.075140817423626771e+00
1.460266601562500000e+03 1.358834193884035585e+03 1.075706367407444741e+00
1.460287414550781250e+03 1.358734227124288736e+03 1.076462888054021683e+00
1.460308288574218750e+03 1.360079103141021051e+03 1.076233628399923647e+00
1.460329101562500000e+03 1.359978167988109590e+03 1.076192367552450735e+00
1.460349914550781250e+03 1.360011582050346988e+03 1.076165062524518490e+00
1.460370788574218750e+03 1.361894247204173325e+03 1.076707377879552396e+00
1.460391601562500000e+03 1.363202563120511968e+03 1.077491297587148678e+00
1.460412414550781250e+03 1.364440757467061530e+03 1.077854398962094784e+00
1.460433288574218750e+03 1.365741297951817160e+03 1.078180892158980830e+00
1.460454101562500000e+03 1.367069192172472640e+03 1.077620623269157418e+00
1.460474914550781250e+03 1.367099374096215115e+03 1.078456274912097612e+00
1.460495788574218750e+03 1.372338601209856506e+03 1.079615847560384756e+00
1.460516601562500000e+03 1.365232778427570111e+03 1.078571558810671016e+00
1.460537414550781250e+03 1.367742279466745458e+03 1.078127266701789599e+00
1.460558288574218750e+03 1.371889741812947932e+03 1.079264052917449757e+00
1.460579101562500000e+03 1.365330992970530588e+03 1.077609892815036607e+00
1.460620788574218750e+03 1.367074019348253614e+03 1.079718807666394165e+00
1.460641601562500000e+03 1.366623122151978123e+03 1.079203356606429187e+00
1.460662414550781250e+03 1.362478025481142595e+03 1.078763965945051639e+00
1.460683288574218750e+03 1.364605906356109699e+03 1.079584488322735680e+00
1.460704101562500000e+03 1.363490049458380781e+03 1.079591996955535871e+00
1.460724914550781250e+03 1.361190352068568245e+03 1.077929714041832465e+00
1.460745788574218750e+03 1.362085147614885500e+03 1.077958799073791329e+00
1.460766601562500000e+03 1.360316581221899924e+03 1.077893494891610793e+00
1.460787414550781250e+03 1.358385076088864025e+03 1.076877092922875701e+00
1.460808288574218750e+03 1.359607087400293494e+03 1.076864971306807917e+00
1.460829101562500000e+03 1.358446437649205791e+03 1.076891539054233959e+00
1.460849914550781250e+03 1.355696246512786956e+03 1.076272007875575865e+00
1.460870788574218750e+03 1.358449840451394948e+03 1.076855063583202377e+00
1.460891601562500000e+03 1.359599393378521654e+03 1.076892147890763374e+00
1.460912414550781250e+03 1.359199336067166314e+03 1.077039697576056998e+00
1.460933288574218750e+03 1.361217951437063675e+03 1.077882656558170504e+00
1.460954101562500000e+03 1.358519718434479728e+03 1.076857332958110147e+00
1.460974914550781250e+03 1.364753443257563049e+03 1.077637050613055036e+00
1.460995788574218750e+03 1.359725841052636270e+03 1.076844712958946904e+00
1.461016601562500000e+03 1.356845221521002486e+03 1.076198127550992645e+00
1.461037414550781250e+03 1.360278818601623698e+03 1.077446821011245337e+00
1.461058288574218750e+03 1.362090956472867447e+03 1.077521058250749952e+00
1.461079101562500000e+03 1.358572129286758127e+03 1.076716179806591178e+00
1.461099914550781250e+03 1.359731665884101176e+03 1.076045643348891412e+00
1.461120788574218750e+03 1.356815663100960137e+03 1.076137756803771106e+00
1.461141601562500000e+03 1.359029941091199134e+03 1.076094165911039457e+00
1.461162414550781250e+03 1.355643617229571419e+03 1.075613607449353637e+00
1.461183288574218750e+03 1.356962584076613211e+03 1.076013459940395212e+00
1.461204101562500000e+03 1.356781988084824434e+03 1.075165154833645609e+00
1.461224914550781250e+03 1.355117829475999542e+03 1.075250248280797960e+00
1.461245788574218750e+03 1.356443291446186777e+03 1.074660442751553813e+00
1.461266601562500000e+03 1.359231836018371723e+03 1.075921391242718572e+00
1.461287414550781250e+03 1.354681421863969945e+03 1.075281733921106930e+00
1.461308288574218750e+03 1.355697199121790163e+03 1.074982139527745684e+00
1.461329040527343750e+03 1.356356516232207468e+03 1.075320978815806461e+00
1.461349914550781250e+03 1.356234518269351156e+03 1.074609137604055187e+00
1.461370727539062500e+03 1.354703575692095455e+03 1.074802753184021631e+00
1.461391540527343750e+03 1.354559484285853614e+03 1.074534310894969646e+00
1.461412414550781250e+03 1.353159867974309691e+03 1.074236893934129133e+00
1.461433227539062500e+03 1.355086747074731420e+03 1.074536585171207204e+00
1.461454040527343750e+03 1.354252908185411798e+03 1.074017037613484771e+00
1.461474914550781250e+03 1.353547520752412765e+03 1.074225519332364209e+00
1.461495727539062500e+03 1.356993878653118372e+03 1.074425472829283246e+00
1.461516540527343750e+03 1.354654220420613456e+03 1.074327220642125491e+00
1.461537414550781250e+03 1.355136715648771769e+03 1.073773045409121885e+00
1.461558227539062500e+03 1.351590392643950054e+03 1.073644144526874067e+00
1.461579040527343750e+03 1.352976714424906277e+03 1.074262749897889835e+00
1.461599914550781250e+03 1.354538629329769719e+03 1.074460255611614956e+00
1.461620727539062500e+03 1.355757518811232558e+03 1.074214089123411320e+00
1.461641540527343750e+03 1.355994651529290877e+03 1.073951105240857462e+00
1.461662414550781250e+03 1.355913494711466683e+03 1.074496257656533338e+00
1.461683227539062500e+03 1.356697763882199524e+03 1.075167649525638813e+00
1.461704040527343750e+03 1.355484997141828899e+03 1.074905730705092433e+00
1.461724914550781250e+03 1.351296007918166197e+03 1.073173652661338684e+00
1.461745727539062500e+03 1.355670662424123066e+03 1.074659222549453341e+00
1.461766540527343750e+03 1.355636528270975532e+03 1.074692389368114620e+00
1.461787414550781250e+03 1.354012728170433547e+03 1.074135295053690209e+00
1.461808227539062500e+03 1.354547903717096005e+03 1.074619287897867093e+00
1.461829040527343750e+03 1.355910038364680076e+03 1.074503912789457338e+00
1.461849914550781250e+03 1.355985802555181635e+03 1.074971216393075579e+00
1.461870727539062500e+03 1.355941764168019063e+03 1.074708584165166014e+00
1.461891540527343750e+03 1.358727912602835886e+03 1.075434326436772947e+00
1.461912414550781250e+03 1.354924159451324385e+03 1.074966558779056225e+00
1.461933227539062500e+03 1.357229298624282819e+03 1.075145973230738683e+00
1.461954040527343750e+03 1.356412290596472531e+03 1.074790330888352186e+00
1.461974914550781250e+03 1.354518203864053703e+03 1.074310298833312638e+00
1.461995727539062500e+03 1.354071506564188667e+03 1.074485662418811049e+00
1.462016540527343750e+03 1.354897962230333633e+03 1.074420424516901784e+00
1.462037414550781250e+03 1.359136123833641705e+03 1.074449327171335566e+00
1.462058227539062500e+03 1.361240528290664315e+03 1.074962732866729276e+00
1.462079040527343750e+03 1.353039993013510411e+03 1.074714684881595161e+00
1.462099914550781250e+03 1.357286596694039645e+03 1.074847339169964222e+00
1.462120727539062500e+03 1.360494531839419551e+03 1.075000048792638330e+00
1.462141540527343750e+03 1.358941525612716077e+03 1.074720951945139058e+00
1.462162414550781250e+03 1.355365462130453125e+03 1.074864973415186276e+00
1.462183227539062500e+03 1.357699086063124923e+03 1.075300081641968220e+00
1.462204040527343750e+03 1.360113260270026785e+03 1.075094580370889563e+00
1.462224914550781250e+03 1.358824259667556134e+03 1.075136548618383037e+00
1.462245727539062500e+03 1.355506614874397883e+03 1.074673421179067168e+00
1.462266540527343750e+03 1.359678334483648314e+03 1.074970384677766511e+00
1.462287414550781250e+03 1.354313893799389916e+03 1.074291490346155342e+00
1.462308227539062500e+03 1.357884111393719422e+03 1.074900518294335638e+00
1.462329040527343750e+03 1.358847698754759222e+03 1.075117699145819783e+00
1.462349914550781250e+03 1.360056674784824509e+03 1.074448439577396774e+00
1.462370727539062500e+03 1.357855970400852812e+03 1.074845897363535308e+00
1.462391540527343750e+03 1.359423586963824619e+03 1.074867856974933256e+00
1.462412414550781250e+03 1.355864807910701302e+03 1.074756390669945549e+00
1.462433227539062500e+03 1.353871265963077803e+03 1.073678841592220490e+00
1.462454040527343750e+03 1.355628896038515222e+03 1.073935398531548735e+00
1.462474914550781250e+03 1.355119098541375251e+03 1.073504456676512175e+00
1.462495727539062500e+03 1.354989094174133470e+03 1.073959596758351287e+00
1.462516540527343750e+03 1.354246234433369864e+03 1.073107946190382522e+00
1.462537414550781250e+03 1.354815856802702456e+03 1.073286560640789977e+00
1.462558227539062500e+03 1.352657069192820018e+03 1.073316548958644256e+00
1.462579040527343750e+03 1.351847277699694132e+03 1.072979576463964690e+00
1.462599914550781250e+03 1.352857933655793204e+03 1.072414756090434240e+00
1.462620727539062500e+03 1.354326595521462878e+03 1.073339483902962632e+00
1.462641540527343750e+03 1.355221427370765241e+03 1.072273129296230199e+00
1.462662414550781250e+03 1.353188162364532445e+03 1.072624327204730887e+00
1.462683227539062500e+03 1.355684457160648208e+03 1.072802188778179788e+00
1.462704040527343750e+03 1.354165290157385243e+03 1.072871691801252414e+00
1.462724914550781250e+03 1.357011090484838633e+03 1.073214196490081651e+00
1.462745727539062500e+03 1.354999248903331363e+03 1.072636107764784352e+00
1.462766540527343750e+03 1.357425275832423267e+03 1.073198423456547479e+00
1.462787414550781250e+03 1.352961857600077792e+03 1.072987186867325748e+00
1.462808227539062500e+03 1.355948137824025252e+03 1.073222638300116882e+00
1.462829040527343750e+03 1.360146361878408925e+03 1.073687668346736235e+00
1.462849914550781250e+03 1.350811281714130473e+03 1.072262067389362361e+00
1.462870727539062500e+03 1.359756335843169154e+03 1.072957967068213669e+00
1.462891540527343750e+03 1.350831684557590506e+03 1.071709493866016771e+00
1.462912414550781250e+03 1.352827250514326124e+03 1.072303757397721879e+00
1.462933227539062500e+03 1.351822917533657801e+03 1.071987984710940589e+00
1.462954040527343750e+03 1.351421983573869738e+03 1.071955679479051460e+00
1.462974914550781250e+03 1.355021736965896707e+03 1.072645332075263136e+00
1.462995727539062500e+03 1.351161983052973483e+03 1.072123644936127551e+00
1.463016540527343750e+03 1.352520054613443790e+03 1.071838238144107169e+00
1.463037414550781250e+03 1.354232588579945059e+03 1.072657945913598088e+00
1.463058227539062500e+03 1.355942534426382963e+03 1.072990075473447380e+00
1.463079040527343750e+03 1.352926284954590301e+03 1.072533968229720802e+00
1.464266540527343750e+03 1.357373202925042960e+03 2.331573492519437352e+00
