1.438537170410156250e+03 2.125029543406518314e+03 1.369241708025185522e+00
1.438557983398437500e+03 2.125705011626118448e+03 1.369680649159083163e+00
1.438578796386718750e+03 2.125347253113891838e+03 1.369375211505882373e+00
1.438599670410156250e+03 2.128310725050762358e+03 1.369957216457956317e+00
1.438620483398437500e+03 2.123648021659612823e+03 1.368586538299956024e+00
1.438641296386718750e+03 2.125146035258243046e+03 1.369338517845637870e+00
1.438662170410156250e+03 2.127116786345329274e+03 1.370103701404805863e+00
1.438682983398437500e+03 2.126944682208068116e+03 1.369956259272850696e+00
1.438703796386718750e+03 2.126432008151392438e+03 1.369901916167071132e+00
1.438724670410156250e+03 2.127542712168351954e+03 1.370228420970858174e+00
1.438745483398437500e+03 2.129291427255428516e+03 1.370409629102393723e+00
1.438766296386718750e+03 2.129283218688913166e+03 1.370127541250749204e+00
1.438787170410156250e+03 2.130070527329753077e+03 1.370400190864233370e+00
1.438807983398437500e+03 2.127225018024967085e+03 1.369946600367540457e+00
1.438828796386718750e+03 2.127338585678248819e+03 1.369866977067008440e+00
1.438849670410156250e+03 2.130966770345265104e+03 1.370579462786545522e+00
1.438870483398437500e+03 2.128890357849435532e+03 1.370462995244613902e+00
1.438891296386718750e+03 2.128820769527859738e+03 1.370309589169758757e+00
1.438912170410156250e+03 2.127057722174550690e+03 1.369883641780060612e+00
1.438932983398437500e+03 2.130275061553065825e+03 1.370564241676001549e+00
1.438953796386718750e+03 2.129209181896336304e+03 1.370423677603785695e+00
1.438974670410156250e+03 2.129158613758086176e+03 1.370404018360354970e+00
1.438995544433593750e+03 2.127344762531914057e+03 1.370110270454853341e+00
1.439016357421875000e+03 2.128773956307131812e+03 1.370085951761061072e+00
1.439037170410156250e+03 2.127148025161236546e+03 1.369598138093017115e+00
1.439058044433593750e+03 2.128699293193826634e+03 1.370329032284955506e+00
1.439078857421875000e+03 2.127878604757102948e+03 1.370111836581340947e+00
1.439099670410156250e+03 2.130968760680445484e+03 1.370957718320320096e+00
1.439120544433593750e+03 2.126087623170270490e+03 1.369626860863557338e+00
1.439141357421875000e+03 2.128836274090194820e+03 1.370116708963409868e+00
1.439162170410156250e+03 2.130556413365118260e+03 1.370610121938908410e+00
1.439183044433593750e+03 2.128614873046196408e+03 1.370603337845132774e+00
1.439203857421875000e+03 2.130129650867853798e+03 1.370785844360986827e+00
1.439224670410156250e+03 2.125081777348909782e+03 1.369651666407925239e+00
1.439245544433593750e+03 2.126477614434546922e+03 1.369814980118734926e+00
1.439266357421875000e+03 2.128517791390211642e+03 1.370430462586940124e+00
1.439287170410156250e+03 2.127663995581310701e+03 1.369939943514780545e+00
1.439308044433593750e+03 2.130408702454813465e+03 1.370721706765591685e+00
1.439328857421875000e+03 2.126213517183300155e+03 1.369747751013059567e+00
1.439349670410156250e+03 2.122887850080487169e+03 1.369371903458214579e+00
1.439370544433593750e+03 2.128381349846968533e+03 1.370280880710042615e+00
1.439391357421875000e+03 2.125128086242276822e+03 1.369835039426343881e+00
1.439412170410156250e+03 2.125079056531948027e+03 1.369541169482625165e+00
1.439433044433593750e+03 2.125849902060772365e+03 1.369748360223653760e+00
1.439453857421875000e+03 2.124355496531365588e+03 1.369792092133469197e+00
1.439474670410156250e+03 2.125738424491609294e+03 1.369942771593434472e+00
1.439495544433593750e+03 2.124622036294624195e+03 1.369479062728469643e+00
1.439516357421875000e+03 2.124160261167995486e+03 1.369734391826912701e+00
1.439537170410156250e+03 2.123960534501593884e+03 1.369868630494072814e+00
1.439558044433593750e+03 2.123472403158603811e+03 1.369549395043333950e+00
1.439578857421875000e+03 2.124568518730374308e+03 1.369866628976845746e+00
1.439599670410156250e+03 2.125492823369993403e+03 1.369962698505224008e+00
1.439620544433593750e+03 2.127633503679631303e+03 1.370851631197028686e+00
1.439641357421875000e+03 2.129107512353659786e+03 1.370646346691802631e+00
1.439662170410156250e+03 2.123535702149929875e+03 1.369642745167384268e+00
1.439683044433593750e+03 2.123295550255536455e+03 1.369387050768896996e+00
1.439703857421875000e+03 2.125196579497021048e+03 1.370008468392923007e+00
1.439724670410156250e+03 2.128210838196888744e+03 1.370748623179541381e+00
1.439745544433593750e+03 2.126152575597615396e+03 1.370269527653197539e+00
1.439766357421875000e+03 2.127685849046281874e+03 1.370716227753904226e+00
1.439787170410156250e+03 2.123514754467621970e+03 1.369813326626912131e+00
1.439808044433593750e+03 2.125394260529874828e+03 1.370487916129781603e+00
1.439828857421875000e+03 2.124150150668477636e+03 1.370180135356256823e+00
1.439849670410156250e+03 2.128091868084082307e+03 1.370998846611467092e+00
1.439870544433593750e+03 2.124587223235961119e+03 1.370340950299727245e+00
1.439891357421875000e+03 2.124974711146953268e+03 1.370374094014841226e+00
1.439912170410156250e+03 2.125816373905025102e+03 1.370485654567275891e+00
1.439933044433593750e+03 2.126120115111618361e+03 1.370522491476496851e+00
1.439953857421875000e+03 2.126281514079041699e+03 1.370513662885987305e+00
1.439974670410156250e+03 2.123966818040996259e+03 1.370218981484514043e+00
1.439995544433593750e+03 2.126961069793223032e+03 1.370680439702337328e+00
1.440016357421875000e+03 2.124124515987698487e+03 1.370138416955093863e+00
1.440037170410156250e+03 2.125704528411907177e+03 1.370621559149184376e+00
1.440058044433593750e+03 2.128853700950673101e+03 1.371283189342349162e+00
1.440078857421875000e+03 2.127171531695235899e+03 1.371155044620165908e+00
1.440099670410156250e+03 2.125729476779456036e+03 1.370343560070149902e+00
1.440120544433593750e+03 2.126051132148701981e+03 1.370491395449426220e+00
1.440141357421875000e+03 2.127188773457804018e+03 1.370693920123071674e+00
1.440162170410156250e+03 2.128116921367265149e+03 1.371269584314220635e+00
1.440183044433593750e+03 2.126328829338313426e+03 1.371001368179028068e+00
1.440203857421875000e+03 2.126809335516333704e+03 1.370863066392375318e+00
1.440224670410156250e+03 2.125727187601984951e+03 1.370522143552824090e+00
1.440245544433593750e+03 2.126179721338015952e+03 1.370886458243892880e+00
1.440266418457031250e+03 2.124887152248067650e+03 1.370582115591371108e+00
1.440287231445312500e+03 2.124586167347483752e+03 1.370406019092709426e+00
1.440308044433593750e+03 2.126009914845562889e+03 1.370742796407775632e+00
1.440328918457031250e+03 2.127184804503663599e+03 1.370997803202843812e+00
1.440349731445312500e+03 2.125461009994180586e+03 1.370923153950237117e+00
1.440370544433593750e+03 2.125371893929608177e+03 1.370763537863086023e+00
1.440391418457031250e+03 2.127771379572570822e+03 1.371177692506403423e+00
1.440412231445312500e+03 2.123768169435792061e+03 1.370353825118924007e+00
1.440433044433593750e+03 2.125780366630928256e+03 1.370897284448978182e+00
1.440453918457031250e+03 2.127120645955350483e+03 1.371326220331829049e+00
1.440474731445312500e+03 2.123866231901141873e+03 1.370354042597939026e+00
1.440495544433593750e+03 2.125933425329097190e+03 1.370839239337724891e+00
1.440516418457031250e+03 2.127866962368014356e+03 1.371440180732204750e+00
1.440537231445312500e+03 2.126820157527167794e+03 1.371301053886756938e+00
1.440558044433593750e+03 2.127667299255834678e+03 1.371484162915419081e+00
1.440578918457031250e+03 2.127963555248144985e+03 1.371416928711641781e+00
1.440599731445312500e+03 2.125886883265111010e+03 1.370963935466744443e+00
1.440620544433593750e+03 2.126195560985026532e+03 1.370829238808187744e+00
1.440641418457031250e+03 2.128023844488478971e+03 1.371107921907482874e+00
1.440662231445312500e+03 2.125377651193588008e+03 1.371151566984541992e+00
1.440683044433593750e+03 2.128059231765463664e+03 1.371467952255102984e+00
1.440703918457031250e+03 2.127192103765518823e+03 1.371289491945413275e+00
1.440724731445312500e+03 2.127307369653966816e+03 1.371360644151240038e+00
1.440745544433593750e+03 2.128092478241368553e+03 1.371590505311019781e+00
1.440766418457031250e+03 2.128148630190699350e+03 1.371798733479101084e+00
1.440787231445312500e+03 2.127638369942166719e+03 1.371684064156080129e+00
1.440808044433593750e+03 2.127076362262247585e+03 1.371503719757298123e+00
1.440828918457031250e+03 2.127366952320469863e+03 1.371711265855537043e+00
1.440849731445312500e+03 2.131251699136513707e+03 1.372587688820272156e+00
1.440870544433593750e+03 2.124888536280528115e+03 1.370783931147328438e+00
1.440891418457031250e+03 2.129730322629169677e+03 1.372478253412894089e+00
1.440912231445312500e+03 2.127871558017982807e+03 1.372021917935456248e+00
1.440933044433593750e+03 2.126095654305182961e+03 1.371667160591849344e+00
1.440953918457031250e+03 2.129080353327466128e+03 1.372041944977547390e+00
1.440974731445312500e+03 2.130902897575573661e+03 1.372512344346529245e+00
1.440995544433593750e+03 2.128220488487872899e+03 1.372016313786733388e+00
1.441016418457031250e+03 2.126943507347895775e+03 1.371716610534994940e+00
1.441058044433593750e+03 2.126852116842792839e+03 1.371485119034172362e+00
1.441078918457031250e+03 2.128133220385023378e+03 1.372026566320517782e+00
1.441099731445312500e+03 2.127221989624524667e+03 1.371568211899721224e+00
1.441120544433593750e+03 2.127974880210810170e+03 1.371674895410587514e+00
1.441141418457031250e+03 2.124995193220324381e+03 1.371338738184322725e+00
1.441162231445312500e+03 2.127826248653424500e+03 1.371852393170439166e+00
1.441183044433593750e+03 2.127930822084045758e+03 1.372015227708751617e+00
1.441203918457031250e+03 2.127306646108470886e+03 1.371866600688690818e+00
1.441224731445312500e+03 2.128481167964342603e+03 1.372614481794735219e+00
1.441245544433593750e+03 2.127709283326912100e+03 1.372327200846157780e+00
1.441266418457031250e+03 2.126359086573233071e+03 1.371810899423072883e+00
1.441287231445312500e+03 2.127600674632923983e+03 1.371930467531348175e+00
1.441308044433593750e+03 2.129707782752982894e+03 1.372600064894541116e+00
1.441328918457031250e+03 2.127282787567795367e+03 1.371764798615173087e+00
1.441349731445312500e+03 2.129229414727508356e+03 1.372592335289308796e+00
1.441370544433593750e+03 2.127730102968279425e+03 1.372335540006832666e+00
1.441391418457031250e+03 2.129719265549063493e+03 1.372791423883303885e+00
1.441412231445312500e+03 2.126833519681737016e+03 1.372173308175528073e+00
1.441433044433593750e+03 2.129806715665369211e+03 1.373240211733884886e+00
1.441453918457031250e+03 2.127493229557780523e+03 1.372379189474193018e+00
1.441474731445312500e+03 2.127152724138498797e+03 1.372112884404051991e+00
1.441495544433593750e+03 2.127580624858138435e+03 1.372492801876683099e+00
1.441516418457031250e+03 2.125644378863863494e+03 1.371967309092429810e+00
1.441537231445312500e+03 2.127358845614336587e+03 1.372580653949366125e+00
1.441558044433593750e+03 2.126663286486362267e+03 1.372381795368627033e+00
1.441578918457031250e+03 2.126595155674912348e+03 1.372336278367575213e+00
1.441599731445312500e+03 2.130566762288814516e+03 1.373340949613012896e+00
1.441620544433593750e+03 2.127052929678604869e+03 1.372532972207277213e+00
1.441641418457031250e+03 2.128223192939366982e+03 1.372996821786712562e+00
1.441662231445312500e+03 2.130380753512409228e+03 1.373712673981813515e+00
1.441683105468750000e+03 2.129603832038849760e+03 1.373830427916817198e+00
1.441703918457031250e+03 2.128046171535565009e+03 1.373252972563341112e+00
1.441724792480468750e+03 2.128952279883598749e+03 1.373400451368771868e+00
1.441745605468750000e+03 2.128286186588675719e+03 1.373293988712059432e+00
1.441766418457031250e+03 2.127565862109556747e+03 1.372898229418278326e+00
1.441787292480468750e+03 2.129868267019280211e+03 1.373734108205551641e+00
1.441808105468750000e+03 2.132218761664145859e+03 1.374323721948681465e+00
1.441828918457031250e+03 2.130386409077174903e+03 1.373910428885390056e+00
1.441849792480468750e+03 2.131711600750416437e+03 1.374477373849331441e+00
1.441870605468750000e+03 2.131454104912105777e+03 1.374463800438602057e+00
1.441891418457031250e+03 2.132145449717270822e+03 1.374480235957165508e+00
1.441912292480468750e+03 2.132080605035649569e+03 1.374418482489428994e+00
1.441933105468750000e+03 2.129990690088056908e+03 1.373916155457187038e+00
1.441953918457031250e+03 2.128694691329941634e+03 1.373476962237599519e+00
1.441974792480468750e+03 2.132200547951967110e+03 1.374482144025743757e+00
1.441995605468750000e+03 2.129763821354013089e+03 1.373701913354733462e+00
1.442016418457031250e+03 2.128773742190575376e+03 1.373760444941569681e+00
1.442037292480468750e+03 2.129613321411750348e+03 1.373919712860981024e+00
1.442058105468750000e+03 2.131712339205266744e+03 1.374531882969878716e+00
1.442078918457031250e+03 2.131159996363136543e+03 1.374464147364507172e+00
1.442099792480468750e+03 2.128327222926955983e+03 1.373619079738157556e+00
1.442120605468750000e+03 2.131439489607378619e+03 1.374824165892345018e+00
1.442141418457031250e+03 2.130141002400180241e+03 1.374407900858364062e+00
1.442162292480468750e+03 2.133192148387900488e+03 1.375326161280977511e+00
1.442183105468750000e+03 2.131463293003430408e+03 1.374941477830640801e+00
1.442203918457031250e+03 2.130890487147027216e+03 1.374725574504651382e+00
1.442224792480468750e+03 2.131477763190750466e+03 1.374636168461345953e+00
1.442245605468750000e+03 2.128979851522641184e+03 1.374080046766628538e+00
1.442266418457031250e+03 2.131456119226061674e+03 1.374701597605830328e+00
1.442287292480468750e+03 2.131598750879462841e+03 1.374979019004965552e+00
1.442308105468750000e+03 2.133098013021520273e+03 1.375520824281672549e+00
1.442328918457031250e+03 2.133609496599482554e+03 1.375642063047177510e+00
1.442349792480468750e+03 2.131252541819115777e+03 1.375321740741538346e+00
1.442370605468750000e+03 2.133158206079715910e+03 1.375597347205161691e+00
1.442391418457031250e+03 2.132921070842910467e+03 1.375409975487258407e+00
1.442412292480468750e+03 2.133722832273172116e+03 1.375558392975947841e+00
1.442433105468750000e+03 2.134876952779065505e+03 1.375992286868434222e+00
1.442453918457031250e+03 2.134927525808564951e+03 1.375841490137761802e+00
1.442474792480468750e+03 2.134831801038617868e+03 1.375972620550266257e+00
1.442495605468750000e+03 2.133406099652338980e+03 1.375997311697596093e+00
1.442516418457031250e+03 2.136759614556526230e+03 1.376456009970766781e+00
1.442537292480468750e+03 2.134576901225479560e+03 1.376420847503236677e+00
1.442558105468750000e+03 2.137502714683227168e+03 1.376690518924587714e+00
1.442578918457031250e+03 2.137429229690667398e+03 1.376742342784750273e+00
1.442599792480468750e+03 2.135203626079975493e+03 1.376427906050921690e+00
1.442620605468750000e+03 2.136621836350000194e+03 1.377029308619418968e+00
1.442641418457031250e+03 2.137197936604826737e+03 1.377037402881280181e+00
1.442662292480468750e+03 2.138064652655700229e+03 1.377687342343604460e+00
1.442683105468750000e+03 2.137793096128875732e+03 1.377436170328027121e+00
1.442703918457031250e+03 2.137253702084261931e+03 1.377410423149418195e+00
1.442724792480468750e+03 2.139422548849989198e+03 1.377718578796424564e+00
1.442745605468750000e+03 2.135971221507089467e+03 1.376858235870552560e+00
1.442766418457031250e+03 2.137941139816055056e+03 1.377635727096009344e+00
1.442787292480468750e+03 2.137243751089977195e+03 1.377407653676328225e+00
1.442808105468750000e+03 2.136619443419683193e+03 1.377216676420722319e+00
1.442828918457031250e+03 2.135629775758222422e+03 1.376966717159200160e+00
1.442849792480468750e+03 2.137729065261524738e+03 1.377643817794895753e+00
1.442870605468750000e+03 2.133378279948781255e+03 1.376428945343229238e+00
1.442891418457031250e+03 2.135151428743845372e+03 1.376945376543469157e+00
1.442912292480468750e+03 2.135112179937025303e+03 1.377100597086779787e+00
1.442933105468750000e+03 2.134882411180180043e+03 1.377119771193499487e+00
1.442953918457031250e+03 2.137078303316995516e+03 1.377445949802525105e+00
1.442974792480468750e+03 2.135034413029517964e+03 1.377006886832773835e+00
1.442995605468750000e+03 2.134104481272695011e+03 1.376832737631199954e+00
1.443016418457031250e+03 2.136233599200488698e+03 1.377367755336664557e+00
1.443037292480468750e+03 2.136077252300690361e+03 1.377201442106933849e+00
1.443058105468750000e+03 2.134660767876899627e+03 1.376769314665253985e+00
1.443078918457031250e+03 2.136711590503529806e+03 1.377001649258581040e+00
1.443099792480468750e+03 2.134774058833582330e+03 1.376901049339398275e+00
1.443120605468750000e+03 2.134408594593159705e+03 1.376881006394842455e+00
1.443141418457031250e+03 2.136429636393021610e+03 1.377395277525415462e+00
1.443162292480468750e+03 2.135570884490029130e+03 1.377315176041547184e+00
1.443183105468750000e+03 2.135179295069627642e+03 1.376731389366199654e+00
1.443203918457031250e+03 2.136142520323709050e+03 1.377063027182646726e+00
1.443224792480468750e+03 2.134817814041803103e+03 1.377069822736630256e+00
1.443245605468750000e+03 2.135519288197854621e+03 1.377340665349681581e+00
1.443266418457031250e+03 2.134448179939357942e+03 1.377044674690935944e+00
1.443287292480468750e+03 2.136585840769098922e+03 1.377726452693544656e+00
1.443308105468750000e+03 2.136397462469007678e+03 1.377573119921178701e+00
1.443328918457031250e+03 2.134632970246710101e+03 1.377021906873075796e+00
1.443349792480468750e+03 2.135221356568921692e+03 1.377460705426879706e+00
1.443370666503906250e+03 2.137803328719600813e+03 1.377935051316190318e+00
1.443391479492187500e+03 2.135853622013872155e+03 1.377636073223137636e+00
1.443412292480468750e+03 2.139587500340581755e+03 1.378295287599293983e+00
1.443433166503906250e+03 2.138073847338583619e+03 1.377981291736677383e+00
1.443453979492187500e+03 2.141267463658582528e+03 1.378651019889933771e+00
1.443474792480468750e+03 2.144515402603322400e+03 1.379493134611826211e+00
1.443495666503906250e+03 2.136219127082337764e+03 1.377548197406750941e+00
1.443516479492187500e+03 2.137588238751931840e+03 1.377994181680230357e+00
1.443537292480468750e+03 2.139941451592261274e+03 1.378296152502868743e+00
1.443558166503906250e+03 2.139059526205984184e+03 1.378183840232952484e+00
1.443578979492187500e+03 2.138803822825870157e+03 1.378285038450609123e+00
1.443599792480468750e+03 2.137174940930526191e+03 1.377866488061094463e+00
1.443620666503906250e+03 2.135601330765065541e+03 1.377627982478767832e+00
1.443641479492187500e+03 2.141614998787594232e+03 1.378897561540328054e+00
1.443662292480468750e+03 2.142488797132047239e+03 1.379342072426159582e+00
1.443683166503906250e+03 2.141300800825472834e+03 1.378852735134756369e+00
1.443703979492187500e+03 2.140183109025722388e+03 1.378681283381420375e+00
1.443724792480468750e+03 2.141983086142051434e+03 1.379133211212206778e+00
1.443745666503906250e+03 2.140602600405562953e+03 1.378795846296162031e+00
1.443766479492187500e+03 2.140547867082776975e+03 1.378814348394836520e+00
1.443787292480468750e+03 2.138859341697200762e+03 1.378489963706656107e+00
1.443808166503906250e+03 2.140215265604875640e+03 1.378918655815187577e+00
1.443828979492187500e+03 2.139802689097340590e+03 1.378574839417638032e+00
1.443849792480468750e+03 2.140161019566189225e+03 1.378855717843450623e+00
1.443870666503906250e+03 2.139638908592357438e+03 1.378949994049852412e+00
1.443891479492187500e+03 2.140729743441694609e+03 1.379250286291029415e+00
1.443912292480468750e+03 2.139479583696706413e+03 1.378335461797458361e+00
1.443933166503906250e+03 2.140447103559949028e+03 1.378941046516184876e+00
1.443953979492187500e+03 2.138452183418463846e+03 1.378420347021836800e+00
1.443974792480468750e+03 2.136441898578380460e+03 1.378528100052139660e+00
1.443995666503906250e+03 2.137692609327642913e+03 1.378778338240516987e+00
1.444016479492187500e+03 2.136365062292359198e+03 1.378147597354726139e+00
1.444058166503906250e+03 2.135362363588547396e+03 1.377547634914243035e+00
1.444078979492187500e+03 2.137556778952251989e+03 1.378043664102053700e+00
1.444099792480468750e+03 2.134050289064743538e+03 1.377412327158937355e+00
1.444120666503906250e+03 2.135068855877214901e+03 1.377590556759539897e+00
1.444141479492187500e+03 2.138128429084750678e+03 1.378352283584297844e+00
1.444162292480468750e+03 2.137153576396521203e+03 1.378417233646965778e+00
1.444183166503906250e+03 2.135996981175451765e+03 1.378123290737761630e+00
1.444203979492187500e+03 2.138800076229049409e+03 1.378664119739934524e+00
1.444224792480468750e+03 2.140560556511863524e+03 1.379381913659106340e+00
1.444245666503906250e+03 2.139211359914673267e+03 1.378800385385409166e+00
1.444266479492187500e+03 2.138856317963648962e+03 1.378609298416029860e+00
1.444287292480468750e+03 2.134469668234122310e+03 1.377596614170344180e+00
1.444308166503906250e+03 2.135995015233665981e+03 1.377875226280777188e+00
1.444328979492187500e+03 2.137062180032527976e+03 1.377952570086510731e+00
1.444349792480468750e+03 2.133370789201089792e+03 1.377355811574208388e+00
1.444370666503906250e+03 2.135517260001659906e+03 1.377743238653662772e+00
1.444391479492187500e+03 2.136530813252691132e+03 1.378185267438962081e+00
1.444412292480468750e+03 2.132247184379708870e+03 1.377070558558934898e+00
1.444433166503906250e+03 2.131479360481469939e+03 1.377079258545787832e+00
1.444453979492187500e+03 2.134217772589059223e+03 1.377511851264941356e+00
1.444474792480468750e+03 2.137362266567696679e+03 1.378236991847231696e+00
1.444495666503906250e+03 2.132166596510396175e+03 1.377284536316790264e+00
1.444516479492187500e+03 2.135335055941267910e+03 1.377885954316289574e+00
1.444537292480468750e+03 2.137174805344856850e+03 1.378267999612816208e+00
1.444558166503906250e+03 2.134220901773039714e+03 1.377801901382239569e+00
1.444578979492187500e+03 2.134186227308604430e+03 1.377516134967221362e+00
1.444599792480468750e+03 2.131188700565545332e+03 1.377196551510240674e+00
1.444620666503906250e+03 2.131757804634335116e+03 1.377055409196911828e+00
1.444641479492187500e+03 2.133948732735018893e+03 1.377650870076556400e+00
1.444662292480468750e+03 2.133148861973171734e+03 1.377240912481722868e+00
1.444683166503906250e+03 2.131791863760844535e+03 1.377191184817777803e+00
1.444703979492187500e+03 2.133016194200367863e+03 1.377267225436493048e+00
1.444724792480468750e+03 2.132541896138105130e+03 1.377222778754827015e+00
1.444745666503906250e+03 2.133708284679324606e+03 1.377354643157102210e+00
1.444766479492187500e+03 2.132429004785319194e+03 1.377274885527862258e+00
1.444787292480468750e+03 2.132592474232943459e+03 1.377473470428935309e+00
1.444808166503906250e+03 2.131984829193626865e+03 1.377469792389627301e+00
1.444828979492187500e+03 2.134987267347571105e+03 1.377972597444913738e+00
1.444849792480468750e+03 2.133496724716210792e+03 1.377886646444744567e+00
1.444870666503906250e+03 2.132286501993710317e+03 1.377320542250881408e+00
1.444891479492187500e+03 2.134640877177836956e+03 1.377827987324293568e+00
1.444912292480468750e+03 2.136596450955727505e+03 1.378541719919847086e+00
1.444933166503906250e+03 2.136849089753738554e+03 1.378695982551877641e+00
1.444953979492187500e+03 2.135271076940692637e+03 1.378063214359446897e+00
1.444974792480468750e+03 2.136779142764431526e+03 1.378326294053417556e+00
1.444995666503906250e+03 2.137907775999689875e+03 1.378853556460982510e+00
1.445016479492187500e+03 2.137996663611361782e+03 1.378915327436702309e+00
1.445037292480468750e+03 2.137551678394352621e+03 1.378837605353602225e+00
1.445058166503906250e+03 2.143196288259822722e+03 1.380413193764056690e+00
1.445078979492187500e+03 2.150778312450117483e+03 1.382443653634698233e+00
1.445099792480468750e+03 2.146841098313944713e+03 1.381510967958024416e+00
1.445120666503906250e+03 2.139655638594135326e+03 1.379280190919254689e+00
1.445141479492187500e+03 2.138891219699404701e+03 1.379186888063439920e+00
1.445162292480468750e+03 2.138914962032229141e+03 1.379231444313695487e+00
1.445183166503906250e+03 2.137832235017727726e+03 1.379204650232923601e+00
1.445203979492187500e+03 2.136971899440468405e+03 1.378967759270713689e+00
1.445224792480468750e+03 2.138258474951285280e+03 1.379079834815917449e+00
1.445245666503906250e+03 2.139773974249668299e+03 1.379700645306392026e+00
1.445266479492187500e+03 2.136923740758914391e+03 1.378767962991521490e+00
1.445287292480468750e+03 2.138435543059785687e+03 1.379156808539401924e+00
1.445308166503906250e+03 2.137829915774786059e+03 1.379256595702975430e+00
1.445328979492187500e+03 2.139593714478090533e+03 1.379826311708172160e+00
1.445349792480468750e+03 2.141483190218819800e+03 1.380234853621672197e+00
1.445370666503906250e+03 2.139832417669141705e+03 1.379694813139770160e+00
1.445391479492187500e+03 2.136306612626684910e+03 1.378919736455825218e+00
1.445412292480468750e+03 2.138718379273136634e+03 1.379664658285004730e+00
1.445433166503906250e+03 2.140433083619985155e+03 1.380198837343573848e+00
1.445454040527343750e+03 2.138328499912477582e+03 1.379371154046930226e+00
1.445474853515625000e+03 2.135498854795708667e+03 1.378551967160177139e+00
1.445495666503906250e+03 2.137790786600747651e+03 1.379600631035505343e+00
1.445516540527343750e+03 2.135925143735616075e+03 1.378927949296995248e+00
1.445537353515625000e+03 2.136956275990615268e+03 1.379236716636041304e+00
1.445558166503906250e+03 2.142346617223462545e+03 1.380354987456331450e+00
1.445579040527343750e+03 2.140422352922869322e+03 1.380310165199479799e+00
1.445599853515625000e+03 2.141998439724513901e+03 1.380511292610003382e+00
1.445620666503906250e+03 2.146742447929704213e+03 1.381754885611568229e+00
1.445641540527343750e+03 2.142323623146183763e+03 1.380592460680594158e+00
1.445662353515625000e+03 2.145521059565439828e+03 1.381768603082844438e+00
1.445683166503906250e+03 2.146321521033778936e+03 1.381876008763628816e+00
1.445704040527343750e+03 2.149714952789581275e+03 1.382871163196097930e+00
1.445724853515625000e+03 2.147250829614360100e+03 1.382192957826585467e+00
1.445745666503906250e+03 2.148825240132731324e+03 1.382748618509212601e+00
1.445766540527343750e+03 2.148222820617423622e+03 1.382443782980965263e+00
1.445787353515625000e+03 2.147827769525287295e+03 1.382501125300744427e+00
1.445808166503906250e+03 2.157810102584367996e+03 1.385861757911746484e+00
1.445829040527343750e+03 2.157269929266454255e+03 1.385442484947312813e+00
1.445849853515625000e+03 2.152839581786587132e+03 1.384301283964060270e+00
1.445870666503906250e+03 2.153359884295936354e+03 1.384381540941755251e+00
1.445891540527343750e+03 2.150460625568685373e+03 1.383761279810527434e+00
1.445912353515625000e+03 2.157966013691757780e+03 1.385588064084280591e+00
1.445933166503906250e+03 2.155947813490571207e+03 1.385110873938406817e+00
1.445954040527343750e+03 2.161400795708404530e+03 1.386737576209134737e+00
1.445974853515625000e+03 2.158774420842830295e+03 1.385897497999708960e+00
1.445995666503906250e+03 2.145657153050550733e+03 1.382705339492990682e+00
1.446016540527343750e+03 2.148472844712759070e+03 1.383162631950617838e+00
1.446037353515625000e+03 2.154998684739241526e+03 1.384887560814573204e+00
1.446058166503906250e+03 2.160365501665747161e+03 1.386414400470343811e+00
1.446079040527343750e+03 2.164665500552717276e+03 1.387500768094236836e+00
1.446099853515625000e+03 2.161520614624579594e+03 1.386806861334750396e+00
1.446120666503906250e+03 2.157894826200421903e+03 1.386211635653813667e+00
1.446141540527343750e+03 2.152845857723984409e+03 1.384711992223242261e+00
1.446162353515625000e+03 2.148524543648913095e+03 1.383497941131769382e+00
1.446183166503906250e+03 2.147701291325807688e+03 1.383228304142825049e+00
1.446204040527343750e+03 2.149659445108623004e+03 1.383777131087742474e+00
1.446224853515625000e+03 2.147536472133310326e+03 1.383066186425850663e+00
1.446245666503906250e+03 2.153384619851077332e+03 1.384940627302468252e+00
1.446266540527343750e+03 2.153511305690638892e+03 1.385071154463972443e+00
1.446287353515625000e+03 2.157427003983083068e+03 1.385810619167337832e+00
1.446308166503906250e+03 2.156663517554224654e+03 1.385959127057424967e+00
1.446329040527343750e+03 2.165909854648166402e+03 1.388328670793071762e+00
1.446349853515625000e+03 2.164234482606784240e+03 1.387876516238778057e+00
1.446370666503906250e+03 2.167352441218729382e+03 1.389164318219270555e+00
1.446391540527343750e+03 2.167074591177683033e+03 1.388849732588775865e+00
1.446412353515625000e+03 2.186798871203221552e+03 1.393736241362534711e+00
1.446433166503906250e+03 2.216788316954603488e+03 1.401991861126576255e+00
1.446454040527343750e+03 2.231219192298782673e+03 1.405476336116790348e+00
1.446474853515625000e+03 2.194191936328843894e+03 1.395881789585755595e+00
1.446495666503906250e+03 2.180479069189575512e+03 1.392600424482332011e+00
1.446516540527343750e+03 2.181352405766020183e+03 1.392784370889787349e+00
1.446537353515625000e+03 2.189622972008759916e+03 1.395110493526023010e+00
1.446558166503906250e+03 2.189774735915628753e+03 1.395091053988834817e+00
1.446579040527343750e+03 2.216802138221722998e+03 1.402254362099878415e+00
1.446599853515625000e+03 2.202805836566054040e+03 1.398680809634669897e+00
1.446620666503906250e+03 2.208798240981944673e+03 1.400121218678698432e+00
1.446641540527343750e+03 2.228117821194953194e+03 1.405246376482192971e+00
1.446662353515625000e+03 2.210674605215252996e+03 1.400663979637755796e+00
1.446683166503906250e+03 2.202625132609741740e+03 1.398581257682192991e+00
1.446704040527343750e+03 2.203185804848178577e+03 1.398852579754733982e+00
1.446724853515625000e+03 2.189025575987688171e+03 1.394964455387569746e+00
1.446745666503906250e+03 2.175537983763787452e+03 1.391552562185559561e+00
1.446766540527343750e+03 2.160992364533225100e+03 1.387560478816895593e+00
1.446787353515625000e+03 2.157264370779670571e+03 1.386320846852372890e+00
1.446808166503906250e+03 2.151487694829603242e+03 1.384931072902429339e+00
1.446829040527343750e+03 2.157293083746065804e+03 1.386536836109370618e+00
1.446849853515625000e+03 2.160691343723350201e+03 1.387833697769803143e+00
1.446870666503906250e+03 2.149604789657533274e+03 1.384715780160080678e+00
1.446891540527343750e+03 2.151582706399412018e+03 1.385098695715750727e+00
1.446912353515625000e+03 2.151788844995478485e+03 1.385100718254843377e+00
1.446933166503906250e+03 2.144337555088766294e+03 1.382950167080171822e+00
1.446954040527343750e+03 2.141373310529821083e+03 1.382187481163692278e+00
1.446974853515625000e+03 2.138517986586179632e+03 1.381339198895990217e+00
1.446995666503906250e+03 2.138505411631543666e+03 1.381563905285092764e+00
1.447016540527343750e+03 2.139985025893013244e+03 1.381716018703392113e+00
1.447058166503906250e+03 2.141143152580567858e+03 1.382238969562555653e+00
1.447079040527343750e+03 2.140281985608236482e+03 1.382275579493533746e+00
1.447099853515625000e+03 2.142886686372429722e+03 1.383269412314198199e+00
1.447120666503906250e+03 2.142414305552835231e+03 1.382923488149956581e+00
1.447141540527343750e+03 2.138573736904510497e+03 1.381768948174705303e+00
1.447162353515625000e+03 2.139752902752867612e+03 1.382154232610597111e+00
1.447183166503906250e+03 2.139033831721753359e+03 1.382350089997656184e+00
1.447204040527343750e+03 2.139664790371191430e+03 1.382324218750000000e+00
1.447224853515625000e+03 2.142022514035568292e+03 1.382714866165623224e+00
1.447245666503906250e+03 2.138387925817340147e+03 1.381870746511109527e+00
1.447266540527343750e+03 2.139970811102062271e+03 1.382348192789279784e+00
1.447287353515625000e+03 2.141893920362392237e+03 1.383027787341077230e+00
1.447308166503906250e+03 2.144067585985518690e+03 1.383669614515945279e+00
1.447329040527343750e+03 2.143559357951099173e+03 1.383482345154078086e+00
1.447349853515625000e+03 2.139546503261789439e+03 1.382530571597817559e+00
1.447370666503906250e+03 2.139105506723123199e+03 1.382450207163666844e+00
1.447391540527343750e+03 2.141935464039662747e+03 1.383355502828029326e+00
1.447412353515625000e+03 2.137009786751608317e+03 1.382236252885922001e+00
1.447433166503906250e+03 2.139213095101741146e+03 1.382296665338803132e+00
1.447454040527343750e+03 2.139608375929659815e+03 1.383069030760090579e+00
1.447474853515625000e+03 2.143231733374459509e+03 1.383839026863496136e+00
1.447495666503906250e+03 2.143350070341581159e+03 1.384157636468695163e+00
1.447516540527343750e+03 2.141678424651824116e+03 1.383510004198350130e+00
1.447537353515625000e+03 2.137823258899594293e+03 1.382532727231824188e+00
1.447558166503906250e+03 2.133784968211600244e+03 1.381924489557208702e+00
1.447579040527343750e+03 2.134687596185193343e+03 1.381844780020846652e+00
1.447599853515625000e+03 2.133801188724854001e+03 1.381941181394131579e+00
1.447620666503906250e+03 2.135135743785171599e+03 1.382370226116993894e+00
1.447641540527343750e+03 2.133387935689664573e+03 1.382199296928980914e+00
1.447662353515625000e+03 2.132400796581250688e+03 1.381897445765568833e+00
1.447683166503906250e+03 2.135407114366983933e+03 1.382710469247949048e+00
1.447704040527343750e+03 2.132467227343389368e+03 1.382252552865634865e+00
1.447724853515625000e+03 2.131586388329266811e+03 1.381571541553620497e+00
1.447745666503906250e+03 2.130660251100504411e+03 1.381446120203796868e+00
1.447766540527343750e+03 2.131433954112624633e+03 1.381924748346916587e+00
1.447787353515625000e+03 2.133040029773970218e+03 1.382345778156671257e+00
1.447808166503906250e+03 2.131532663826939370e+03 1.382057069803570348e+00
1.447829040527343750e+03 2.134097958448506233e+03 1.382904394512351143e+00
1.447849853515625000e+03 2.133719062133291118e+03 1.383106092762471429e+00
1.447870666503906250e+03 2.133679073361592600e+03 1.382962450421050704e+00
1.447891540527343750e+03 2.134360985062760847e+03 1.383195037516511183e+00
1.447912353515625000e+03 2.133036867372083179e+03 1.383048904814806690e+00
1.447933166503906250e+03 2.137689966659864695e+03 1.384142650799346175e+00
1.447954040527343750e+03 2.137254145495910961e+03 1.384152512077028385e+00
1.447974853515625000e+03 2.134139696503607411e+03 1.383329521120326033e+00
1.447995666503906250e+03 2.135343913791765772e+03 1.383821841048903600e+00
1.448016540527343750e+03 2.135267832299728980e+03 1.383593796525951269e+00
1.448037353515625000e+03 2.133841572861463192e+03 1.383463259229444242e+00
1.448058166503906250e+03 2.135619196942708641e+03 1.384154923557822991e+00
1.448079040527343750e+03 2.132680541250761507e+03 1.383767827099213976e+00
1.448099853515625000e+03 2.133010324871286230e+03 1.383511425909982995e+00
1.448120666503906250e+03 2.133840541139749803e+03 1.384061820124142361e+00
1.448141540527343750e+03 2.131105634661239037e+03 1.383755206311088060e+00
1.448162353515625000e+03 2.134120502028560168e+03 1.384424681450167727e+00
1.448183166503906250e+03 2.132411844293951162e+03 1.384249097209606427e+00
1.448204040527343750e+03 2.133524597019036719e+03 1.384411593054744261e+00
1.448224853515625000e+03 2.132611931567408647e+03 1.384259216082253330e+00
1.448245666503906250e+03 2.132692452741413945e+03 1.384817706206126209e+00
1.448266540527343750e+03 2.136876617788912426e+03 1.385755650439468578e+00
1.448287353515625000e+03 2.134412835121571788e+03 1.385410433112248985e+00
1.448308166503906250e+03 2.136980846147096145e+03 1.386407736703623161e+00
1.448329040527343750e+03 2.136473054350281927e+03 1.386438475747730825e+00
1.448349853515625000e+03 2.136222367865381784e+03 1.386546723347172438e+00
1.448370727539062500e+03 2.134637023481623601e+03 1.386442172985441479e+00
1.448391540527343750e+03 2.133491288654704931e+03 1.386444924411757595e+00
1.448412414550781250e+03 2.134542662664334784e+03 1.386757605639614477e+00
1.448433227539062500e+03 2.142417154278373346e+03 1.389222026714252989e+00
1.448454040527343750e+03 2.142713765436920312e+03 1.389601598769230728e+00
1.448474914550781250e+03 2.141602228152972657e+03 1.389476044310043790e+00
1.448495727539062500e+03 2.144066429564578357e+03 1.390109191557672208e+00
1.448516540527343750e+03 2.136424901185078852e+03 1.388258087703448496e+00
1.448537414550781250e+03 2.138357976507455987e+03 1.389129177076584565e+00
1.448558227539062500e+03 2.142902815495156119e+03 1.390614027344350800e+00
1.448579040527343750e+03 2.149492364458279553e+03 1.392376899893968067e+00
1.448599914550781250e+03 2.137295863653018841e+03 1.389428513389107334e+00
1.448620727539062500e+03 2.131550082243702491e+03 1.387994270953246900e+00
1.448641540527343750e+03 2.134942197658911937e+03 1.388843767174935628e+00
1.448662414550781250e+03 2.131091834988164010e+03 1.388140913568522317e+00
1.448683227539062500e+03 2.132430373920484271e+03 1.388635176161633122e+00
1.448704040527343750e+03 2.130807513459868915e+03 1.388347990356292083e+00
1.448724914550781250e+03 2.132500164664379554e+03 1.389087212496137091e+00
1.448745727539062500e+03 2.134767887209663058e+03 1.389788644008049578e+00
1.448766540527343750e+03 2.135027517247746800e+03 1.389895086857421136e+00
1.448787414550781250e+03 2.135393209402379853e+03 1.389950149177365590e+00
1.448808227539062500e+03 2.134532162829473236e+03 1.389883164977510965e+00
1.448829040527343750e+03 2.135241813899259796e+03 1.390124198661568444e+00
1.448849914550781250e+03 2.140678851535964895e+03 1.391746154768880528e+00
1.448870727539062500e+03 2.135695660288868567e+03 1.390458214862768882e+00
1.448891540527343750e+03 2.135621617017717199e+03 1.390481234201974559e+00
1.448912414550781250e+03 2.136381183600669374e+03 1.390947925920221095e+00
1.448933227539062500e+03 2.133187252664096377e+03 1.390585309437315953e+00
1.448954040527343750e+03 2.133899823785696753e+03 1.390606997941326473e+00
1.448974914550781250e+03 2.135406607186795554e+03 1.391364211872305079e+00
1.448995727539062500e+03 2.137405638502553757e+03 1.391675359542712265e+00
1.449016540527343750e+03 2.137628816715149696e+03 1.391668207011636182e+00
1.449037414550781250e+03 2.136744667351847511e+03 1.391512769576766173e+00
1.449058227539062500e+03 2.133432060131454818e+03 1.390751007886127377e+00
1.449079040527343750e+03 2.136010692389272208e+03 1.391476145664249930e+00
1.449099914550781250e+03 2.128906647101692670e+03 1.390122655081214020e+00
1.449120727539062500e+03 2.131747894014406938e+03 1.391011816510731691e+00
1.449141540527343750e+03 2.129994410186003734e+03 1.390494822720542922e+00
1.449162414550781250e+03 2.127710031607345172e+03 1.390172477559709741e+00
1.449183227539062500e+03 2.128831407111921635e+03 1.390437981534843548e+00
1.449204040527343750e+03 2.125213830086403505e+03 1.389712559392793922e+00
1.449224914550781250e+03 2.127513422749238998e+03 1.390174021084743750e+00
1.449245727539062500e+03 2.126009291098721860e+03 1.389968031097090995e+00
1.449266540527343750e+03 2.126622630436004783e+03 1.390118367349014283e+00
1.449287414550781250e+03 2.124474642233537452e+03 1.389749744446139523e+00
1.449308227539062500e+03 2.125004362864503491e+03 1.390156270443381414e+00
1.449329040527343750e+03 2.124251492213303209e+03 1.389882564592364700e+00
1.449349914550781250e+03 2.124784917797960588e+03 1.390004994911714808e+00
1.449370727539062500e+03 2.124587642832866550e+03 1.390094270048028546e+00
1.449391540527343750e+03 2.126040650033523889e+03 1.390205148473828478e+00
1.449412414550781250e+03 2.124676749745918187e+03 1.389642132378198891e+00
1.449433227539062500e+03 2.123946456583353665e+03 1.389512892524287002e+00
1.449454040527343750e+03 2.122211821848702584e+03 1.389339924797291070e+00
1.449474914550781250e+03 2.123331514007162241e+03 1.389409766540861346e+00
1.449495727539062500e+03 2.122641397208698891e+03 1.389370341565571820e+00
1.449516540527343750e+03 2.123270578207992457e+03 1.389229191839637334e+00
1.449537414550781250e+03 2.120414403508522810e+03 1.388516187994513373e+00
1.449558227539062500e+03 2.124547791947567930e+03 1.389653327166599617e+00
1.449579040527343750e+03 2.125603576287610849e+03 1.389595507902528393e+00
1.449599914550781250e+03 2.124063343450718094e+03 1.389189375585167863e+00
1.449620727539062500e+03 2.122413725460612568e+03 1.388667454021729419e+00
1.449641540527343750e+03 2.124183299268906012e+03 1.389136428496280828e+00
1.449662414550781250e+03 2.122016471069394356e+03 1.388503181093972527e+00
1.449683227539062500e+03 2.120210526280216982e+03 1.388279812564653160e+00
1.449704040527343750e+03 2.121163120511785564e+03 1.388208497072613623e+00
1.449724914550781250e+03 2.123285951979498805e+03 1.388667582788285726e+00
1.449745727539062500e+03 2.124680524828091620e+03 1.388718830929711379e+00
1.449766540527343750e+03 2.122101215787834462e+03 1.388268477896875241e+00
1.451849914550781250e+03 2.131106638063687569e+03 1.382756118918125665e+00
1.451870727539062500e+03 2.130131624140761687e+03 1.382715943839390338e+00
1.451891540527343750e+03 2.129815807171666620e+03 1.382411963434573954e+00
1.451912414550781250e+03 2.130725362476605824e+03 1.382777197435692385e+00
1.451933227539062500e+03 2.129314432855724135e+03 1.382305634271596695e+00
1.451954040527343750e+03 2.132564626233964646e+03 1.383097904731134919e+00
1.451974914550781250e+03 2.130016124892454172e+03 1.382545704077525306e+00
1.451995727539062500e+03 2.131748340063835258e+03 1.382859223864136844e+00
1.452016540527343750e+03 2.130444778881006187e+03 1.382215985447290851e+00
1.452037414550781250e+03 2.131360878742345449e+03 1.382454734254350948e+00
1.452058288574218750e+03 2.127221956402330761e+03 1.381606572933830046e+00
1.452079101562500000e+03 2.130487069271260225e+03 1.382491942066625734e+00
1.452099914550781250e+03 2.130256240769298984e+03 1.382259710997043367e+00
1.452120788574218750e+03 2.131451957827054230e+03 1.382336378296705082e+00
1.452141601562500000e+03 2.132830223745165767e+03 1.383244161527671379e+00
1.452162414550781250e+03 2.130865917508632720e+03 1.382556913214969097e+00
1.452183288574218750e+03 2.128862165819414713e+03 1.381921427208650410e+00
1.452204101562500000e+03 2.127355245509235829e+03 1.381654243520757275e+00
1.452224914550781250e+03 2.130352886659540673e+03 1.382155655716802434e+00
1.452245788574218750e+03 2.128933799410305255e+03 1.381868589844451822e+00
1.452266601562500000e+03 2.129247418191170254e+03 1.382189378592663331e+00
1.452287414550781250e+03 2.128040512883789688e+03 1.381769293266480014e+00
1.452308288574218750e+03 2.129300283775572552e+03 1.381901025755620571e+00
1.452329101562500000e+03 2.129694803679589313e+03 1.381980300749120705e+00
1.452349914550781250e+03 2.129181744321434508e+03 1.381670938622497014e+00
1.452370788574218750e+03 2.129755266942690923e+03 1.382260918389049076e+00
1.452391601562500000e+03 2.131732209050293477e+03 1.382303478283449794e+00
1.452412414550781250e+03 2.128437117258559283e+03 1.381577969792146865e+00
1.452433288574218750e+03 2.128911082558843191e+03 1.381760838493187205e+00
1.452454101562500000e+03 2.130398238645641413e+03 1.381962531124246940e+00
1.452474914550781250e+03 2.131001630555456813e+03 1.381962401732936829e+00
1.452495788574218750e+03 2.128544780019118662e+03 1.381579393491935814e+00
1.452516601562500000e+03 2.129927791836808865e+03 1.381694665164205249e+00
1.452537414550781250e+03 2.130575856200627641e+03 1.381892787451375337e+00
1.452558288574218750e+03 2.126747964105802112e+03 1.381083727879115708e+00
1.452579101562500000e+03 2.130583929178865674e+03 1.381688841414424829e+00
1.452599914550781250e+03 2.129712093812986495e+03 1.381604674704461910e+00
1.452620788574218750e+03 2.128777113843893858e+03 1.381843917338376748e+00
1.452641601562500000e+03 2.128038238194568748e+03 1.381368281620717342e+00
1.452662414550781250e+03 2.128676127493923559e+03 1.381379241420443327e+00
1.452683288574218750e+03 2.129852380923127384e+03 1.381633406715422119e+00
1.452704101562500000e+03 2.127627470020323926e+03 1.381364959144569360e+00
1.452724914550781250e+03 2.129494800312338157e+03 1.381455914437681676e+00
1.452745788574218750e+03 2.125708557887016923e+03 1.380880698291647724e+00
1.452766601562500000e+03 2.132051921454646163e+03 1.382359274174121078e+00
1.452787414550781250e+03 2.128728422595807388e+03 1.381380061244486424e+00
1.452808288574218750e+03 2.129979566804513524e+03 1.381543627983028211e+00
1.452829101562500000e+03 2.128574267421602599e+03 1.381446853695083465e+00
1.452849914550781250e+03 2.131520592684683834e+03 1.381948470530989681e+00
1.452870788574218750e+03 2.130024691572739812e+03 1.381327979877093881e+00
1.452891601562500000e+03 2.129422142773515588e+03 1.381563301284650880e+00
1.452912414550781250e+03 2.126766168340436707e+03 1.380882727008719391e+00
1.452933288574218750e+03 2.131545528558242040e+03 1.381909954124136419e+00
1.452954101562500000e+03 2.131465507150015128e+03 1.381513599771996725e+00
1.452974914550781250e+03 2.131022228514386370e+03 1.381672491644961420e+00
1.452995788574218750e+03 2.130730964786464938e+03 1.381631379100610291e+00
1.453016601562500000e+03 2.129066109344063989e+03 1.381429077208363498e+00
1.453037414550781250e+03 2.131060403277876503e+03 1.381771924588428790e+00
1.453058288574218750e+03 2.130207193728158472e+03 1.381617315137249058e+00
1.453079101562500000e+03 2.129175103470499835e+03 1.381348950738391368e+00
1.453099914550781250e+03 2.130169196271243436e+03 1.381763211011322712e+00
1.453120788574218750e+03 2.131337198181958229e+03 1.381851897130672135e+00
1.453141601562500000e+03 2.126481685049840053e+03 1.380824454161405646e+00
1.453162414550781250e+03 2.130339041792340595e+03 1.381304376489826735e+00
1.453183288574218750e+03 2.130046635695744499e+03 1.381160244679396021e+00
1.453204101562500000e+03 2.129577277963864617e+03 1.381588323938966356e+00
1.453224914550781250e+03 2.128157017272274061e+03 1.381185404099919189e+00
1.453245788574218750e+03 2.130287205231874395e+03 1.381507171233952613e+00
1.453266601562500000e+03 2.126630204281534589e+03 1.380726204888980346e+00
1.453287414550781250e+03 2.129069561650755531e+03 1.381213885909695183e+00
1.453308288574218750e+03 2.127079395327549264e+03 1.380696417920078689e+00
1.453329101562500000e+03 2.127380534191211154e+03 1.380771056808104413e+00
1.453349914550781250e+03 2.128123419684387045e+03 1.381081699457300971e+00
1.453370788574218750e+03 2.128495498904039778e+03 1.380935084143806835e+00
1.453391601562500000e+03 2.129720815161014343e+03 1.381467693314215150e+00
1.453412414550781250e+03 2.129845207880402086e+03 1.381260016564691107e+00
1.453433288574218750e+03 2.126478961606197117e+03 1.380471958918746633e+00
1.453454101562500000e+03 2.130416119611123577e+03 1.381703853697274553e+00
1.453474914550781250e+03 2.129188118566639332e+03 1.381084806825675804e+00
1.453495788574218750e+03 2.127949055700406461e+03 1.380832310347944514e+00
1.453516601562500000e+03 2.130653142846397714e+03 1.381396414475063228e+00
1.453537414550781250e+03 2.130467366249132283e+03 1.381375530631847370e+00
1.453558288574218750e+03 2.129996736487302314e+03 1.381389122425186411e+00
1.453579101562500000e+03 2.130552909348011781e+03 1.381390460023016908e+00
1.453599914550781250e+03 2.128948003238825095e+03 1.380968318887952240e+00
1.453620788574218750e+03 2.130212869230934757e+03 1.381166459055730433e+00
1.453641601562500000e+03 2.130918668674214587e+03 1.381406899426060209e+00
1.453662414550781250e+03 2.130819837082295180e+03 1.381405346105008203e+00
1.453683288574218750e+03 2.130335480296236710e+03 1.381210692523893613e+00
1.453704101562500000e+03 2.131216012228347608e+03 1.381312618303421225e+00
1.453724914550781250e+03 2.132178634795663584e+03 1.381874455969887672e+00
1.453745788574218750e+03 2.130168250931124931e+03 1.381302003183598970e+00
1.453766601562500000e+03 2.129248865338944142e+03 1.380834943455409913e+00
1.453787414550781250e+03 2.130268208295299701e+03 1.381211512447979572e+00
1.453808288574218750e+03 2.130637266816684132e+03 1.381080145770491763e+00
1.453829101562500000e+03 2.130171067429702362e+03 1.381273997862156655e+00
1.453849914550781250e+03 2.128965806389392128e+03 1.380884065097071733e+00
1.453870788574218750e+03 2.132720305085030759e+03 1.382448568784337306e+00
1.453891601562500000e+03 2.129538550503472834e+03 1.381384505545304231e+00
1.453912414550781250e+03 2.132121261727721048e+03 1.382103819206033313e+00
1.453933288574218750e+03 2.133468069230796573e+03 1.382322925174906958e+00
1.453954101562500000e+03 2.133206526652440061e+03 1.382366173045886937e+00
1.453974914550781250e+03 2.132027413030380103e+03 1.382304211319797194e+00
1.453995788574218750e+03 2.132864922581698920e+03 1.382176527772804642e+00
1.454016601562500000e+03 2.132772575355686968e+03 1.382144098327068082e+00
1.454037414550781250e+03 2.133221821119100241e+03 1.382483017456711316e+00
1.454058288574218750e+03 2.131358720554666888e+03 1.381939154230894085e+00
1.454079101562500000e+03 2.132938117889050318e+03 1.382567992926900580e+00
1.454099914550781250e+03 2.133071943071320220e+03 1.382398855982964969e+00
1.454120788574218750e+03 2.131243149163476573e+03 1.381929277158962188e+00
1.454141601562500000e+03 2.131151317110302443e+03 1.381896022393453549e+00
1.454162414550781250e+03 2.132154120375592811e+03 1.382191793498495525e+00
1.454183288574218750e+03 2.133382701668140726e+03 1.382707969033623918e+00
1.454204101562500000e+03 2.128908715626288995e+03 1.381313438167005803e+00
1.454224914550781250e+03 2.130242874270288212e+03 1.382105457994037057e+00
1.454245788574218750e+03 2.130394673455481097e+03 1.381751909161141434e+00
1.454266601562500000e+03 2.128889875219498208e+03 1.381428257413409355e+00
1.454287414550781250e+03 2.130818912662029561e+03 1.381663432322644214e+00
1.454308288574218750e+03 2.130086509001665036e+03 1.381557002407163948e+00
1.454329101562500000e+03 2.130668853923770257e+03 1.381556614119255899e+00
1.454349914550781250e+03 2.133011279630008175e+03 1.381954422578725916e+00
1.454370788574218750e+03 2.129820647715146151e+03 1.381073456265655253e+00
1.454391601562500000e+03 2.127898451617006685e+03 1.381034613339204853e+00
1.454412414550781250e+03 2.129343013590040755e+03 1.381256693828122328e+00
1.454433288574218750e+03 2.129653835274164067e+03 1.380968793664216765e+00
1.454454101562500000e+03 2.128762999131076413e+03 1.380969397924680875e+00
1.454474914550781250e+03 2.130734820989484433e+03 1.381124727255851115e+00
1.454495788574218750e+03 2.130862887322684401e+03 1.381338465347538902e+00
1.454516601562500000e+03 2.130847734237142959e+03 1.381469030835970058e+00
1.454537414550781250e+03 2.128755430565007828e+03 1.380863561988104893e+00
1.454558288574218750e+03 2.129535410648383277e+03 1.381211037755147197e+00
1.454579101562500000e+03 2.130285732791649480e+03 1.381064997232501979e+00
1.454620788574218750e+03 2.130964657864489254e+03 1.382093296415713546e+00
1.454641601562500000e+03 2.128316097651006203e+03 1.381448752141311020e+00
1.454662414550781250e+03 2.131271280369266151e+03 1.382036454712257445e+00
1.454683288574218750e+03 2.130492026602843453e+03 1.381971976657177859e+00
1.454704101562500000e+03 2.129345158088132393e+03 1.381815189704552971e+00
1.454724914550781250e+03 2.128025461077862929e+03 1.381274343077587785e+00
1.454745788574218750e+03 2.127443413991473335e+03 1.381064997232501979e+00
1.454766601562500000e+03 2.127786830757588177e+03 1.381099350943042481e+00
1.454787414550781250e+03 2.127407447923220843e+03 1.380848065752176890e+00
1.454808288574218750e+03 2.126333873014739311e+03 1.380855662814361340e+00
1.454829101562500000e+03 2.126836139995267331e+03 1.380716319140111947e+00
1.454849914550781250e+03 2.128263367798541822e+03 1.381112082314723155e+00
1.454870788574218750e+03 2.129659562522793294e+03 1.381382822753472572e+00
1.454891601562500000e+03 2.130276308164272450e+03 1.381274688292932540e+00
1.454912414550781250e+03 2.128453708740666571e+03 1.381268042882389580e+00
1.454933288574218750e+03 2.130855361361277119e+03 1.381881702325751693e+00
1.454954101562500000e+03 2.129146029277688285e+03 1.381412853807245877e+00
1.454974914550781250e+03 2.124764019719571479e+03 1.380163079245639413e+00
1.454995788574218750e+03 2.129035043302175836e+03 1.381163697114144773e+00
1.455016601562500000e+03 2.128222271601452121e+03 1.381047474784720341e+00
1.455037414550781250e+03 2.129084131591283040e+03 1.380838267206844217e+00
1.455058288574218750e+03 2.125564603862805598e+03 1.380196678064425697e+00
1.455079101562500000e+03 2.129002180895509809e+03 1.380981698883796849e+00
1.455099914550781250e+03 2.128266961299562354e+03 1.381029736316799150e+00
1.455120788574218750e+03 2.127000063368672727e+03 1.380193352767930204e+00
1.455141601562500000e+03 2.130370411871033866e+03 1.381250868231729267e+00
1.455162414550781250e+03 2.127159073041425472e+03 1.380451665577202780e+00
1.455183288574218750e+03 2.128077111335062000e+03 1.380618321207037758e+00
1.455204101562500000e+03 2.128463121247234085e+03 1.380679495181931227e+00
1.455224914550781250e+03 2.128722422579469821e+03 1.380559087365432314e+00
1.455245788574218750e+03 2.126863127065308618e+03 1.380234853621672197e+00
1.455266601562500000e+03 2.128504456079412194e+03 1.380932451227285807e+00
1.455287414550781250e+03 2.129090344098450714e+03 1.380822295860574034e+00
1.455308288574218750e+03 2.128168853184408817e+03 1.380626092222169365e+00
1.455329101562500000e+03 2.128456895603550038e+03 1.380525929120094641e+00
1.455349914550781250e+03 2.127036668310909135e+03 1.380438194087853176e+00
1.455370788574218750e+03 2.128296941007035457e+03 1.380515912410184676e+00
1.455391601562500000e+03 2.127254698119720160e+03 1.380307660637374312e+00
1.455412414550781250e+03 2.127754648793356864e+03 1.380542292468303955e+00
1.455433288574218750e+03 2.125728052046188623e+03 1.380170334586803715e+00
1.455454101562500000e+03 2.128078085958019528e+03 1.380301356029887794e+00
1.455474914550781250e+03 2.126295247717147504e+03 1.379854907963826482e+00
1.455495788574218750e+03 2.127385608079318899e+03 1.380129350045736114e+00
1.455516601562500000e+03 2.127935446660964772e+03 1.380199312384533306e+00
1.455537414550781250e+03 2.128011896838182111e+03 1.380240424400904997e+00
1.455558288574218750e+03 2.128329586024632590e+03 1.380077135100280961e+00
1.455579101562500000e+03 2.129377828938390849e+03 1.380643490503014492e+00
1.455599914550781250e+03 2.127919974810639360e+03 1.379956847497486150e+00
1.455620788574218750e+03 2.126677770792059164e+03 1.379765143105222025e+00
1.455641601562500000e+03 2.127442903673369983e+03 1.379833223244210094e+00
1.455662414550781250e+03 2.126876947363511135e+03 1.379646556415213610e+00
1.455683288574218750e+03 2.128415364157079694e+03 1.379912357864427230e+00
1.455704101562500000e+03 2.128048635255421686e+03 1.379786353711814018e+00
1.455724914550781250e+03 2.128936473659924559e+03 1.380074759683573848e+00
1.455745788574218750e+03 2.128116565080564669e+03 1.379919528135256312e+00
1.455766601562500000e+03 2.127503141732353015e+03 1.379781472277267440e+00
1.455787414550781250e+03 2.127873079380432500e+03 1.379730237771940926e+00
1.455808288574218750e+03 2.129198888755922326e+03 1.380201817143251075e+00
1.455829101562500000e+03 2.126989109307004128e+03 1.379564771021367209e+00
1.455849914550781250e+03 2.127124924742907751e+03 1.379845620725234312e+00
1.455870788574218750e+03 2.130145460164163978e+03 1.380099291062834688e+00
1.455891601562500000e+03 2.127831822012884459e+03 1.379998787381841785e+00
1.455912414550781250e+03 2.128651753193056720e+03 1.379840869090619648e+00
1.455933288574218750e+03 2.130644721671528259e+03 1.380367639332872542e+00
1.455954101562500000e+03 2.128536928457260274e+03 1.380062321071147569e+00
1.455974914550781250e+03 2.130063350149287544e+03 1.380486854905129901e+00
1.455995788574218750e+03 2.130230047952622044e+03 1.380477312856993821e+00
1.456016601562500000e+03 2.126636060699938753e+03 1.379650012637814172e+00
1.456037414550781250e+03 2.128464855513135717e+03 1.379819616124621229e+00
1.456058288574218750e+03 2.129418762683399109e+03 1.380128011225657980e+00
1.456079101562500000e+03 2.130384425580204152e+03 1.380443332267568879e+00
1.456099914550781250e+03 2.131783506000686884e+03 1.380578645175797980e+00
1.456120788574218750e+03 2.128510266744181536e+03 1.379523293215909607e+00
1.456141601562500000e+03 2.129775323634878987e+03 1.380257957094233934e+00
1.456162414550781250e+03 2.128816621768246023e+03 1.380108576594389680e+00
1.456183288574218750e+03 2.131773087916901204e+03 1.380616896516185577e+00
1.456204101562500000e+03 2.130579799422158885e+03 1.380308135640881506e+00
1.456224914550781250e+03 2.132655717961764822e+03 1.380953428094996216e+00
1.456245788574218750e+03 2.129002187158526340e+03 1.380007512099786782e+00
1.456266601562500000e+03 2.131244810262633109e+03 1.380422131755652648e+00
1.456287414550781250e+03 2.129673188818689596e+03 1.379928814876434817e+00
1.456308288574218750e+03 2.127916673232643006e+03 1.379702934965067351e+00
1.456329101562500000e+03 2.130609779328809509e+03 1.380149734500693226e+00
1.456349914550781250e+03 2.130516731774659092e+03 1.380382320545961772e+00
1.456370788574218750e+03 2.129490448338104670e+03 1.380117905251553090e+00
1.456391601562500000e+03 2.130636580474077618e+03 1.380328647000033326e+00
1.456412414550781250e+03 2.131368494239420215e+03 1.380343069541645873e+00
1.456433288574218750e+03 2.130582769897237085e+03 1.380356066972506790e+00
1.456454101562500000e+03 2.132703132591080248e+03 1.380606535083943376e+00
1.456474914550781250e+03 2.131470467801679206e+03 1.380173703125093798e+00
1.456495788574218750e+03 2.130717942268194747e+03 1.379707946280229525e+00
1.456516601562500000e+03 2.130687997696385537e+03 1.380101796003081915e+00
1.456537414550781250e+03 2.130480726791959114e+03 1.379895209535496381e+00
1.456558288574218750e+03 2.128486054706612322e+03 1.379608148558838510e+00
1.456579101562500000e+03 2.131210343882909456e+03 1.380112895424989272e+00
1.456599914550781250e+03 2.130776930156234812e+03 1.379922767703230857e+00
1.456620788574218750e+03 2.129368133879946981e+03 1.379795209367571829e+00
1.456641601562500000e+03 2.130830417918075909e+03 1.380094885812060523e+00
1.456662414550781250e+03 2.131148890212849892e+03 1.380134921250824043e+00
1.456683288574218750e+03 2.131311909760881008e+03 1.380036234172637322e+00
1.456704101562500000e+03 2.132360210922243368e+03 1.380187997728163030e+00
1.456724914550781250e+03 2.128649998149798193e+03 1.379367697125605474e+00
1.456745788574218750e+03 2.132167672801096614e+03 1.379758490424169537e+00
1.456766601562500000e+03 2.128494077359152925e+03 1.378942127139275442e+00
1.456787414550781250e+03 2.131156849821192736e+03 1.379795079773019184e+00
1.456808288574218750e+03 2.131286046763099421e+03 1.379709371909665583e+00
1.456829101562500000e+03 2.132818803794995802e+03 1.380036363744543859e+00
1.456849914550781250e+03 2.132094544063192643e+03 1.379952916917766004e+00
1.456870788574218750e+03 2.130972458248592375e+03 1.379355424984932466e+00
1.456891601562500000e+03 2.129888859592230347e+03 1.379128111370487186e+00
1.456912414550781250e+03 2.132710905656673731e+03 1.379657011462061877e+00
1.456933288574218750e+03 2.132168693376882857e+03 1.379815469166257857e+00
1.456954101562500000e+03 2.131240670631150351e+03 1.379345313350362145e+00
1.456974914550781250e+03 2.133834392594692872e+03 1.379999651217762136e+00
1.456995788574218750e+03 2.131950480274988877e+03 1.379312169139576438e+00
1.457016601562500000e+03 2.133570143643411029e+03 1.379869681023859096e+00
1.457037414550781250e+03 2.131897803674382885e+03 1.379220856392370020e+00
1.457058288574218750e+03 2.130817463223378581e+03 1.379403605473471517e+00
1.457079101562500000e+03 2.133036845438647106e+03 1.379863849571687728e+00
1.457099914550781250e+03 2.132445422308381239e+03 1.379340300717709411e+00
1.457120788574218750e+03 2.133464570175197423e+03 1.379550556372246550e+00
1.457141601562500000e+03 2.133794253809210659e+03 1.380037789034712858e+00
1.457162414550781250e+03 2.130885529365805724e+03 1.379178763199201851e+00
1.457183288574218750e+03 2.131401500662472245e+03 1.379003289025847012e+00
1.457204101562500000e+03 2.134561828488907850e+03 1.379989501111548611e+00
1.457224914550781250e+03 2.132731913044195153e+03 1.379641156050066098e+00
1.457245788574218750e+03 2.132025609435433125e+03 1.379337535119482538e+00
1.457266601562500000e+03 2.132573141720785316e+03 1.379086361109637116e+00
1.457287414550781250e+03 2.134582336564310481e+03 1.380086766293398215e+00
1.457308288574218750e+03 2.135196602777429234e+03 1.379693517099394917e+00
1.457329101562500000e+03 2.133277563729364374e+03 1.379476542777721360e+00
1.457349914550781250e+03 2.131951124402634832e+03 1.379235376949486280e+00
1.457370788574218750e+03 2.132581759810710082e+03 1.379389994115878926e+00
1.457391601562500000e+03 2.135491362823349846e+03 1.380101796003081915e+00
1.457412414550781250e+03 2.133151102981576514e+03 1.379701250122260525e+00
1.457433288574218750e+03 2.134306518080097703e+03 1.379816160326850616e+00
1.457454101562500000e+03 2.132188947917674341e+03 1.378940700716617007e+00
1.457474914550781250e+03 2.133965996671149242e+03 1.379675631617890419e+00
1.457495788574218750e+03 2.134196854470769267e+03 1.379493350650016659e+00
1.457516601562500000e+03 2.133705011464467589e+03 1.379889248605500773e+00
1.457537414550781250e+03 2.132517823782420692e+03 1.379077328019391535e+00
1.457558288574218750e+03 2.133126946095221228e+03 1.379437914140798194e+00
1.457579101562500000e+03 2.135594927783585717e+03 1.379717364047408967e+00
1.457620788574218750e+03 2.131249012541521097e+03 1.379632817844762549e+00
1.457641601562500000e+03 2.130013488271689766e+03 1.379688376127247817e+00
1.457662414550781250e+03 2.132832196841990935e+03 1.379941125111431521e+00
1.457683288574218750e+03 2.135096602129902294e+03 1.380688301938892026e+00
1.457704101562500000e+03 2.132193548529668078e+03 1.379976975345650780e+00
1.457724914550781250e+03 2.132280876594770234e+03 1.379847866946810830e+00
1.457745788574218750e+03 2.134701407665034367e+03 1.380454644831133892e+00
1.457766601562500000e+03 2.133873421331645659e+03 1.379718530463640791e+00
1.457787414550781250e+03 2.136184676271842363e+03 1.380753746471056864e+00
1.457808288574218750e+03 2.131583069166938003e+03 1.379468808495192045e+00
1.457829101562500000e+03 2.134256839282643796e+03 1.379996411830272995e+00
1.457849914550781250e+03 2.137877912528539127e+03 1.380889287945651800e+00
1.457870788574218750e+03 2.136717654118982409e+03 1.380591035963055546e+00
1.457891601562500000e+03 2.134929324109780282e+03 1.380306969722890464e+00
1.457912414550781250e+03 2.138189382633237528e+03 1.381117347457860189e+00
1.457933288574218750e+03 2.134831947066538305e+03 1.379984836356845213e+00
1.457954101562500000e+03 2.137140837601621115e+03 1.381114369633469785e+00
1.457974914550781250e+03 2.136281579462897298e+03 1.380558008008007098e+00
1.457995788574218750e+03 2.134641255136360087e+03 1.380241288085594764e+00
1.458016601562500000e+03 2.136114139206350046e+03 1.380519625509404325e+00
1.458037414550781250e+03 2.135490347354575533e+03 1.380585078037418478e+00
1.458058288574218750e+03 2.135398870453664131e+03 1.380359650960154783e+00
1.458079101562500000e+03 2.135940958957226940e+03 1.380569794545384088e+00
1.458099914550781250e+03 2.134831255152868380e+03 1.380219350327001493e+00
1.458120788574218750e+03 2.138745398325252609e+03 1.381205341428431321e+00
1.458141601562500000e+03 2.133282446508932480e+03 1.379779096351549494e+00
1.458162414550781250e+03 2.134767678145730315e+03 1.380273114489513064e+00
1.458183288574218750e+03 2.135616518168222683e+03 1.380550970576907011e+00
1.458204101562500000e+03 2.133957501598897124e+03 1.380079985594932612e+00
1.458224914550781250e+03 2.134732897204829897e+03 1.380212181613763578e+00
1.458245788574218750e+03 2.136391786659003628e+03 1.380547300736642002e+00
1.458266601562500000e+03 2.135588603966497431e+03 1.380318542494879397e+00
1.458287414550781250e+03 2.136590055246810152e+03 1.380496137829842151e+00
1.458308288574218750e+03 2.136007047021441394e+03 1.380550366133299178e+00
1.458329101562500000e+03 2.136132700144453793e+03 1.380520920774224392e+00
1.458349914550781250e+03 2.137443764326100336e+03 1.380737644641029327e+00
1.458370788574218750e+03 2.137109669796554499e+03 1.380967369334933581e+00
1.458391601562500000e+03 2.135718193103592057e+03 1.380440352989223074e+00
1.458412414550781250e+03 2.135861247880180599e+03 1.380249968086716184e+00
1.458433288574218750e+03 2.136121156287225858e+03 1.380325537929402824e+00
1.458454101562500000e+03 2.135285934307845764e+03 1.379996066295158696e+00
1.458474914550781250e+03 2.134686563242340526e+03 1.380102746151641746e+00
1.458495788574218750e+03 2.134680846240228675e+03 1.380078776294890286e+00
1.458516601562500000e+03 2.132690416845159234e+03 1.379412766057570572e+00
1.458537414550781250e+03 2.132725633881227168e+03 1.379517071437527775e+00
1.458558288574218750e+03 2.133169921908047854e+03 1.379593718334219066e+00
1.458579101562500000e+03 2.131846969593900212e+03 1.379121196300745256e+00
1.458599914550781250e+03 2.134278215597765666e+03 1.379877801819901162e+00
1.458620788574218750e+03 2.132810099850059487e+03 1.379521132879373946e+00
1.458641601562500000e+03 2.131607694969794920e+03 1.379334942366108763e+00
1.458662414550781250e+03 2.129736018565396080e+03 1.378600002786118051e+00
1.458683288574218750e+03 2.132911328683074771e+03 1.379581102565082151e+00
1.458704101562500000e+03 2.133985425139351264e+03 1.379829637889211646e+00
1.458724914550781250e+03 2.131031077643849130e+03 1.379043831594087832e+00
1.458745788574218750e+03 2.130656775707544057e+03 1.378661266317864786e+00
1.458766601562500000e+03 2.135007545709087481e+03 1.380221855049355462e+00
1.458787414550781250e+03 2.134842088923612664e+03 1.379619381563346181e+00
1.458808288574218750e+03 2.131928972864428033e+03 1.379074086465403859e+00
1.458829101562500000e+03 2.130117697951247919e+03 1.378496190120840792e+00
1.458849914550781250e+03 2.129368491864505359e+03 1.378103395322964664e+00
1.458870788574218750e+03 2.132927968841873735e+03 1.379140126221705565e+00
1.458891601562500000e+03 2.131524360364035601e+03 1.378726720604760869e+00
1.458912414550781250e+03 2.132822364340303011e+03 1.379218825230823731e+00
1.458933288574218750e+03 2.131360920600254303e+03 1.378819449397071795e+00
1.458954101562500000e+03 2.133704667274365875e+03 1.379209533709015556e+00
1.458974914550781250e+03 2.131069457942504869e+03 1.378627068027152625e+00
1.458995788574218750e+03 2.133619638050747199e+03 1.379296309763517803e+00
1.459016601562500000e+03 2.134490512498920452e+03 1.379798751613960706e+00
1.459037414550781250e+03 2.134089312429753591e+03 1.379834778335047529e+00
1.459058288574218750e+03 2.132592822063791118e+03 1.379152659588049890e+00
1.459079101562500000e+03 2.134162047511326818e+03 1.379755725664166821e+00
1.459099914550781250e+03 2.131768372678151991e+03 1.379190691174935424e+00
1.459120788574218750e+03 2.133467134431394697e+03 1.379465827112134724e+00
1.459141601562500000e+03 2.134181266857415721e+03 1.379431130252850579e+00
1.459162414550781250e+03 2.135705325405948315e+03 1.380178799103290777e+00
1.459183288574218750e+03 2.134392318360283753e+03 1.379707557471945734e+00
1.459204101562500000e+03 2.132599437870880138e+03 1.379207848263468872e+00
1.459224914550781250e+03 2.132563727786484378e+03 1.378926868662794014e+00
1.459245788574218750e+03 2.133085185219465984e+03 1.379330059334022307e+00
1.459266601562500000e+03 2.134424249902240263e+03 1.379591342085151995e+00
1.459287414550781250e+03 2.130554851707859598e+03 1.378711330047910355e+00
1.459308288574218750e+03 2.130748926783875504e+03 1.378642805399041826e+00
1.459329101562500000e+03 2.135258337518499047e+03 1.379833223244210094e+00
1.459349914550781250e+03 2.131960870248812171e+03 1.379009599567885047e+00
1.459370788574218750e+03 2.135327471222878103e+03 1.379741426582608010e+00
1.459391601562500000e+03 2.134804297572730775e+03 1.379512189050120075e+00
1.459412414550781250e+03 2.134807064356812589e+03 1.379774214891327677e+00
1.459433288574218750e+03 2.130785775911509973e+03 1.378524078922611196e+00
1.459454101562500000e+03 2.133202905893715524e+03 1.379421840161088486e+00
1.459474914550781250e+03 2.133023087084400686e+03 1.379278203059461250e+00
1.459495788574218750e+03 2.134623993580401475e+03 1.379770154194444709e+00
1.459516601562500000e+03 2.134569833982767705e+03 1.379973174401100566e+00
1.459537414550781250e+03 2.137138904637941778e+03 1.380326876557893989e+00
1.459558288574218750e+03 2.134165023134980402e+03 1.379835858258209091e+00
1.459579101562500000e+03 2.139192770283623304e+03 1.380958434872284535e+00
1.459599914550781250e+03 2.137090282675094841e+03 1.380245088291808475e+00
1.459620788574218750e+03 2.139176652491377808e+03 1.380646814715350112e+00
1.459641601562500000e+03 2.136040278762107846e+03 1.379930240277687625e+00
1.459662414550781250e+03 2.137020545225868773e+03 1.380213002131021049e+00
1.459683288574218750e+03 2.137505291741948895e+03 1.380230664726353584e+00
1.459704101562500000e+03 2.134262813218262636e+03 1.379504930247517969e+00
1.459724914550781250e+03 2.133373593344191704e+03 1.379210700554726055e+00
1.459745788574218750e+03 2.132685479436572678e+03 1.378919606778993279e+00
1.459766601562500000e+03 2.131608251810570437e+03 1.378715739719399869e+00
1.459787414550781250e+03 2.130481613523565102e+03 1.378586902326853991e+00
1.459808288574218750e+03 2.129789068979100193e+03 1.378205550904001653e+00
1.459829101562500000e+03 2.131226968206168294e+03 1.378633250587533610e+00
1.459849914550781250e+03 2.129888859815365322e+03 1.378368629494119979e+00
1.459870788574218750e+03 2.130477245972821038e+03 1.378226050307368666e+00
1.459891601562500000e+03 2.131982039877249008e+03 1.378714918311073845e+00
1.459912414550781250e+03 2.132118209737508550e+03 1.378926393183476984e+00
1.459933288574218750e+03 2.132741948749455787e+03 1.379149331774299325e+00
1.459954101562500000e+03 2.131474927686150295e+03 1.378939749767358114e+00
1.459974914550781250e+03 2.133895111610851473e+03 1.379234555850632038e+00
1.459995788574218750e+03 2.130943471856507131e+03 1.378446940145638955e+00
1.460016601562500000e+03 2.130168206996826484e+03 1.378472667964133924e+00
1.460037414550781250e+03 2.129915848033446309e+03 1.378553999304271915e+00
1.460058288574218750e+03 2.128977764123095767e+03 1.378300304032473278e+00
1.460079101562500000e+03 2.131717916267120017e+03 1.378778684080805617e+00
1.460099914550781250e+03 2.133016265580536128e+03 1.379102093240387017e+00
1.460120788574218750e+03 2.132644434015914157e+03 1.378616561934384643e+00
1.460141601562500000e+03 2.130942202283664756e+03 1.378694642339887810e+00
1.460162414550781250e+03 2.132411946405698927e+03 1.378646004732892560e+00
1.460183288574218750e+03 2.133494691934529328e+03 1.378867043432193906e+00
1.460204101562500000e+03 2.131032335913821044e+03 1.378715739719399869e+00
1.460224914550781250e+03 2.133335237116410553e+03 1.379072314412669531e+00
1.460245788574218750e+03 2.131820823427759933e+03 1.378417233646965778e+00
1.460266601562500000e+03 2.131720685836278335e+03 1.378576871528017112e+00
1.460287414550781250e+03 2.133299980341528226e+03 1.379194018888891371e+00
1.460308288574218750e+03 2.133650642349285135e+03 1.379107711815019455e+00
1.460329101562500000e+03 2.132365506093647127e+03 1.378780499740897669e+00
1.460349914550781250e+03 2.134860846648017286e+03 1.379254348518468287e+00
1.460370788574218750e+03 2.136543128542776685e+03 1.379529730998724002e+00
1.460391601562500000e+03 2.138424613645527643e+03 1.379892574634833169e+00
1.460412414550781250e+03 2.140522929435411243e+03 1.380917085253680288e+00
1.460433288574218750e+03 2.142506894155907048e+03 1.381126280892508662e+00
1.460454101562500000e+03 2.144152316443372911e+03 1.380990978482202536e+00
1.460474914550781250e+03 2.143355389340852525e+03 1.381299845628944478e+00
1.460495788574218750e+03 2.150764432372055126e+03 1.382885559221021854e+00
1.460516601562500000e+03 2.144518025666903668e+03 1.381554370675872390e+00
1.460537414550781250e+03 2.144312017115049002e+03 1.381357925824542088e+00
1.460558288574218750e+03 2.146483886116912799e+03 1.382104164214195574e+00
1.460579101562500000e+03 2.142545554595147678e+03 1.380828252762675845e+00
1.460620788574218750e+03 2.143791277484080638e+03 1.381882435585835012e+00
1.460641601562500000e+03 2.142195019548644723e+03 1.381710065628674045e+00
1.460662414550781250e+03 2.141201647433943890e+03 1.381593716693035656e+00
1.460683288574218750e+03 2.143811816396937957e+03 1.382408126068515042e+00
1.460704101562500000e+03 2.143925942289866725e+03 1.382210508875638899e+00
1.460724914550781250e+03 2.137975723266045406e+03 1.380833734816540925e+00
1.460745788574218750e+03 2.139723550345026979e+03 1.380782496188556419e+00
1.460766601562500000e+03 2.139065315764901243e+03 1.380650052576813946e+00
1.460787414550781250e+03 2.135507696099184614e+03 1.379673125903897013e+00
1.460808288574218750e+03 2.135195761053522801e+03 1.379676711665621891e+00
1.460829101562500000e+03 2.136510553156098467e+03 1.380145070287563058e+00
1.460849914550781250e+03 2.133418459790706947e+03 1.379571813483239540e+00
1.460870788574218750e+03 2.136868164169741249e+03 1.380194302853460675e+00
1.460891601562500000e+03 2.135347694744511045e+03 1.379688851343964018e+00
1.460912414550781250e+03 2.135517681794725831e+03 1.379591212471448891e+00
1.460933288574218750e+03 2.137084795050209777e+03 1.380115011647049306e+00
1.460954101562500000e+03 2.135102439051628153e+03 1.379397988104075434e+00
1.460974914550781250e+03 2.138508573265096857e+03 1.380485991374076127e+00
1.460995788574218750e+03 2.135444672083719979e+03 1.379597909163507996e+00
1.461016601562500000e+03 2.134842210474279909e+03 1.379443877021125475e+00
1.461037414550781250e+03 2.136167725086934297e+03 1.379962808135479557e+00
1.461058288574218750e+03 2.137166586756941797e+03 1.380052214616000805e+00
1.461079101562500000e+03 2.135576720058199044e+03 1.379543081741154920e+00
1.461099914550781250e+03 2.132685726511717348e+03 1.378821481146944361e+00
1.461120788574218750e+03 2.133316540321836783e+03 1.378789794153921333e+00
1.461141601562500000e+03 2.132401661316191166e+03 1.378677738263912378e+00
1.461162414550781250e+03 2.131703011392954977e+03 1.378491866225085127e+00
1.461183288574218750e+03 2.132695548959994994e+03 1.378718593028730677e+00
1.461204101562500000e+03 2.132357027970510444e+03 1.378588934419451961e+00
1.461224914550781250e+03 2.132583553938517070e+03 1.378609298416029860e+00
1.461245788574218750e+03 2.131068793790695509e+03 1.378167881374182890e+00
1.461266601562500000e+03 2.132060137514122289e+03 1.378323656153505050e+00
1.461287414550781250e+03 2.129810102821804776e+03 1.377907972482376397e+00
1.461308288574218750e+03 2.129805542998658893e+03 1.377833351536396078e+00
1.461329040527343750e+03 2.132104880783144381e+03 1.378621923078146461e+00
1.461349914550781250e+03 2.129491462814240549e+03 1.377753015948548931e+00
1.461370727539062500e+03 2.130013127449083186e+03 1.377830842472044681e+00
1.461391540527343750e+03 2.127372029910205129e+03 1.377332096840327091e+00
1.461412414550781250e+03 2.129778725327191751e+03 1.377476326311506849e+00
1.461433227539062500e+03 2.130180571227740984e+03 1.377531149454888304e+00
1.461454040527343750e+03 2.128542671746473843e+03 1.377162230285555511e+00
1.461474914550781250e+03 2.128874459235948962e+03 1.377251169400524500e+00
1.461495727539062500e+03 2.131364626423811387e+03 1.377517822482643650e+00
1.461516540527343750e+03 2.129893779834386351e+03 1.377481951517437020e+00
1.461537414550781250e+03 2.125973634388144092e+03 1.376482944159768351e+00
1.461558227539062500e+03 2.125361047544327903e+03 1.376635186033251301e+00
1.461579040527343750e+03 2.128079316206285512e+03 1.377261772464135614e+00
1.461599914550781250e+03 2.129185065077244872e+03 1.377361999840873930e+00
1.461620727539062500e+03 2.130918432978356577e+03 1.377709277156681678e+00
1.461641540527343750e+03 2.127643313457615022e+03 1.377061382393839351e+00
1.461662414550781250e+03 2.132429349089990865e+03 1.377858268892994342e+00
1.461683227539062500e+03 2.133539690538914783e+03 1.378694642339887810e+00
1.461704040527343750e+03 2.132228941664497597e+03 1.378273837817000524e+00
1.461724914550781250e+03 2.125927787135442486e+03 1.376602669345208030e+00
1.461745727539062500e+03 2.131146406119506992e+03 1.378083110354337171e+00
1.461766540527343750e+03 2.131558712180381917e+03 1.378211259629242402e+00
1.461787414550781250e+03 2.129712044619045173e+03 1.377931720561819562e+00
1.461808227539062500e+03 2.130987971330820983e+03 1.378316866781331251e+00
1.461829040527343750e+03 2.128471912248907302e+03 1.377872111674177003e+00
1.461849914550781250e+03 2.131334325502854426e+03 1.378354445752806301e+00
1.461870727539062500e+03 2.129961053107950192e+03 1.378218784730931290e+00
1.461891540527343750e+03 2.131707632331712830e+03 1.378919952583851138e+00
1.461912414550781250e+03 2.131224975014255961e+03 1.378650328145219595e+00
1.461933227539062500e+03 2.130985173645817667e+03 1.378646004732892560e+00
1.461954040527343750e+03 2.129694818183924781e+03 1.378561003692876152e+00
1.461974914550781250e+03 2.127514768301532058e+03 1.377371087454814180e+00
1.461995727539062500e+03 2.131995236635494166e+03 1.378514393573231578e+00
1.462016540527343750e+03 2.129266796662961042e+03 1.377607128041575146e+00
1.462037414550781250e+03 2.131359114364675861e+03 1.378242743689084726e+00
1.462058227539062500e+03 2.132323289563192247e+03 1.378206502359850427e+00
1.462079040527343750e+03 2.132814234203422529e+03 1.378534196580987414e+00
1.462099914550781250e+03 2.134412650275430678e+03 1.378653873333210766e+00
1.462120727539062500e+03 2.132631819966859439e+03 1.378364088983058178e+00
1.462141540527343750e+03 2.132894094153034985e+03 1.378401882876384876e+00
1.462162414550781250e+03 2.133919196914687745e+03 1.378715739719399869e+00
1.462183227539062500e+03 2.134445898190891967e+03 1.378814564539381893e+00
1.462204040527343750e+03 2.134246002679900812e+03 1.378743278231105762e+00
1.462224914550781250e+03 2.134143488972805699e+03 1.378589626194971940e+00
1.462245727539062500e+03 2.131739708116147995e+03 1.378046735067926631e+00
1.462266540527343750e+03 2.133945055605304333e+03 1.378778338240516987e+00
1.462287414550781250e+03 2.131746076287387496e+03 1.377818816203614238e+00
1.462308227539062500e+03 2.134475576917310718e+03 1.378579595415954540e+00
1.462329040527343750e+03 2.134185242701698826e+03 1.378549459403760391e+00
1.462349914550781250e+03 2.133275045247585240e+03 1.377699153440195667e+00
1.462370727539062500e+03 2.133739312596787840e+03 1.378315699178924714e+00
1.462391540527343750e+03 2.135977613065445894e+03 1.378679164958639847e+00
1.462412414550781250e+03 2.133008215177181683e+03 1.378241792258254605e+00
1.462433227539062500e+03 2.129674915203888304e+03 1.377240652811901001e+00
1.462454040527343750e+03 2.132347302766771463e+03 1.377742286877888356e+00
1.462474914550781250e+03 2.130093109705011102e+03 1.377178893282046568e+00
1.462495727539062500e+03 2.132897547837168986e+03 1.378139985364202236e+00
1.462516540527343750e+03 2.130795154242326589e+03 1.377300029370149614e+00
1.462537414550781250e+03 2.128868560869043904e+03 1.377063286885963134e+00
1.462558227539062500e+03 2.131340365907656633e+03 1.377567668159675796e+00
1.462579040527343750e+03 2.129827768700497927e+03 1.376903646675869952e+00
1.462599914550781250e+03 2.128228278303646675e+03 1.376418595688997382e+00
1.462620727539062500e+03 2.132510911997810126e+03 1.377488009405825498e+00
1.462641540527343750e+03 2.129490470653669945e+03 1.376601933272806999e+00
1.462662414550781250e+03 2.128950385272778021e+03 1.376617087625230829e+00
1.462683227539062500e+03 2.130721915686165175e+03 1.377114057943573222e+00
1.462704040527343750e+03 2.130146599837119538e+03 1.376983772099100500e+00
1.462724914550781250e+03 2.131368368712267966e+03 1.377464426761728866e+00
1.462745727539062500e+03 2.131897223914044389e+03 1.377234204328954492e+00
1.462766540527343750e+03 2.131923198496430359e+03 1.377334953016034813e+00
1.462787414550781250e+03 2.131950136802583074e+03 1.377531538877463158e+00
1.462808227539062500e+03 2.133325904770420038e+03 1.377667786752273305e+00
1.462829040527343750e+03 2.135789557343709021e+03 1.378179558606055677e+00
1.462849914550781250e+03 2.130171866185884937e+03 1.376673460351715894e+00
1.462870727539062500e+03 2.130826328387556259e+03 1.376711257361740826e+00
1.462891540527343750e+03 2.130444750367063079e+03 1.376645577356167882e+00
1.462912414550781250e+03 2.129555770208136892e+03 1.376636008682508017e+00
1.462933227539062500e+03 2.131387129508750604e+03 1.376870400399011540e+00
1.462954040527343750e+03 2.129976785707111958e+03 1.376613840278041234e+00
1.462974914550781250e+03 2.134356910633967800e+03 1.377679338429381062e+00
1.462995727539062500e+03 2.129976834909479294e+03 1.376761695054329993e+00
1.463016540527343750e+03 2.128434351173461437e+03 1.376451376544286731e+00
1.463037414550781250e+03 2.131921964112682417e+03 1.377015240938810781e+00
1.463058227539062500e+03 2.130773788023179350e+03 1.377303361652149061e+00
1.463079040527343750e+03 2.133116822513703028e+03 1.377314570177889497e+00
1.463099914550781250e+03 2.132058918533277392e+03 1.377501250126266230e+00
1.463120727539062500e+03 2.130235987999119516e+03 1.376793991524831284e+00
1.463141540527343750e+03 2.131951569588758048e+03 1.377205856612929491e+00
1.464266540527343750e+03 2.145039770299943029e+03 3.299314491279320638e+00
