1.738680847167968750e+03 6.480320367389723287e+03 2.364396769912209262e+00
1.738701660156250000e+03 6.499895976069596145e+03 2.367623569119734483e+00
1.738722473144531250e+03 6.505343245593526262e+03 2.367339377991846128e+00
1.738743347167968750e+03 6.515613627432346220e+03 2.368043650289262114e+00
1.738764160156250000e+03 6.524147631628903582e+03 2.370504139424885803e+00
1.738784973144531250e+03 6.524663000018222192e+03 2.370347736778195102e+00
1.738805847167968750e+03 6.526722369979179348e+03 2.370016792978274278e+00
1.738826660156250000e+03 6.514251612073903743e+03 2.369603601615739130e+00
1.738847473144531250e+03 6.508137501393099228e+03 2.367254778721109787e+00
1.738868347167968750e+03 6.503454168428120283e+03 2.367247124352231058e+00
1.738889160156250000e+03 6.486105729035683908e+03 2.364341510613175767e+00
1.738909973144531250e+03 6.483655372215386706e+03 2.364617794194670886e+00
1.738930847167968750e+03 6.477724816279899642e+03 2.363291035781650784e+00
1.738951660156250000e+03 6.474046224492129113e+03 2.362160459470397544e+00
1.738972473144531250e+03 6.470277431038133727e+03 2.362924293483783966e+00
1.738993347167968750e+03 6.465696041678941583e+03 2.360683962262597912e+00
1.739014160156250000e+03 6.463413469555862321e+03 2.363102677589685729e+00
1.739034973144531250e+03 6.456227744841152344e+03 2.359426939942052215e+00
1.739055847167968750e+03 6.456822018230798676e+03 2.360754456105137677e+00
1.739076660156250000e+03 6.444792390467751829e+03 2.357509355415235763e+00
1.739097473144531250e+03 6.442611709022046853e+03 2.357606136323614709e+00
1.739118347167968750e+03 6.436291525380348503e+03 2.356530704524077535e+00
1.739139160156250000e+03 6.430442945428655548e+03 2.357002935343789130e+00
1.739159973144531250e+03 6.427468812501696448e+03 2.355387672053762316e+00
1.739180847167968750e+03 6.442461301490080587e+03 2.361136479958273249e+00
1.739201660156250000e+03 6.452071901036510098e+03 2.359318713596762151e+00
1.739222473144531250e+03 6.458951521959353158e+03 2.362312055105553199e+00
1.739243347167968750e+03 6.467801605900630420e+03 2.361876721387822897e+00
1.739264160156250000e+03 6.484823049352000453e+03 2.364091415883964764e+00
1.739284973144531250e+03 6.494186634922367375e+03 2.365979481270333640e+00
1.739305847167968750e+03 6.497524322015395228e+03 2.365888786978342484e+00
1.739326660156250000e+03 6.485787372485127889e+03 2.365504002972692810e+00
1.739347473144531250e+03 6.473855164781373787e+03 2.362569805910308407e+00
1.739368347167968750e+03 6.476682813422402432e+03 2.363337240265207306e+00
1.739389160156250000e+03 6.485798793426561133e+03 2.364496193062969986e+00
1.739409973144531250e+03 6.500163809419304016e+03 2.367052836097186308e+00
1.739430847167968750e+03 6.520158047967371203e+03 2.372321375080753914e+00
1.739451660156250000e+03 6.527716872852425695e+03 2.370541553833926951e+00
1.739472473144531250e+03 6.533164910073438477e+03 2.372274441061184902e+00
1.739493347167968750e+03 6.544909066842157699e+03 2.373616668990297107e+00
1.739514160156250000e+03 6.552050565608798934e+03 2.375919063827231170e+00
1.739534973144531250e+03 6.560007731251707810e+03 2.379281751941297429e+00
1.739555847167968750e+03 6.581129751830642817e+03 2.382230994137624069e+00
1.739576660156250000e+03 6.588367608196650508e+03 2.381155269470657920e+00
1.739597473144531250e+03 6.590759687004551779e+03 2.382801293518729491e+00
1.739618347167968750e+03 6.568425187160344649e+03 2.378817752388435736e+00
1.739639160156250000e+03 6.561064515433540691e+03 2.377797637343534554e+00
1.739659973144531250e+03 6.568652173998447324e+03 2.379086041350938263e+00
1.739680847167968750e+03 6.574642091910044655e+03 2.380762137351141394e+00
1.739701660156250000e+03 6.580308460661927711e+03 2.384914384180917946e+00
1.739722473144531250e+03 6.588028917734113747e+03 2.383791162848572842e+00
1.739743347167968750e+03 6.604119055780372946e+03 2.385836124327485486e+00
1.739764160156250000e+03 6.623805724741871927e+03 2.389525615745611287e+00
1.739784973144531250e+03 6.629712645818370220e+03 2.390650530909421700e+00
1.739805847167968750e+03 6.626985441561399057e+03 2.393351278140376071e+00
1.739826660156250000e+03 6.621715299190493170e+03 2.393046131682504019e+00
1.739847473144531250e+03 6.625039588264503436e+03 2.391474753554217791e+00
1.739868347167968750e+03 6.615691222740752892e+03 2.390377954421461393e+00
1.739889160156250000e+03 6.623013188330457524e+03 2.392374532951374366e+00
1.739909973144531250e+03 6.630753080276234869e+03 2.393075024134528661e+00
1.739930847167968750e+03 6.638268012183430983e+03 2.394358194641228899e+00
1.739951660156250000e+03 6.658432146799060320e+03 2.398335706308908133e+00
1.739972473144531250e+03 6.666958224368404444e+03 2.402484871045607040e+00
1.739993347167968750e+03 6.665582808057984039e+03 2.400067300647616975e+00
1.740014160156250000e+03 6.678729585546362614e+03 2.405853536071975718e+00
1.740034973144531250e+03 6.702461301571652257e+03 2.406872953554213268e+00
1.740055847167968750e+03 6.699621628109111953e+03 2.407953724318275146e+00
1.740076660156250000e+03 6.689786010478669596e+03 2.408389044868555207e+00
1.740097473144531250e+03 6.683755872134221136e+03 2.408634144125375798e+00
1.740118347167968750e+03 6.680221070135160517e+03 2.405183531009759790e+00
1.740139160156250000e+03 6.680386788369655733e+03 2.409568776849636329e+00
1.740159973144531250e+03 6.666955342497466518e+03 2.402874746797595051e+00
1.740180847167968750e+03 6.653153808403972107e+03 2.403390646986099721e+00
1.740201660156250000e+03 6.637021964699015371e+03 2.397710335806048310e+00
1.740222473144531250e+03 6.622351353420987834e+03 2.395374740717622686e+00
1.740243347167968750e+03 6.612727718708287284e+03 2.393154127890656291e+00
1.740264160156250000e+03 6.599896010529751038e+03 2.391475650810944487e+00
1.740284973144531250e+03 6.588437909598229453e+03 2.389697324987771321e+00
1.740305847167968750e+03 6.578370320168237413e+03 2.389754990983626204e+00
1.740326660156250000e+03 6.570585294774195063e+03 2.389029275726763046e+00
1.740347473144531250e+03 6.561090757150000172e+03 2.390636668457277292e+00
1.740368347167968750e+03 6.555550407163199452e+03 2.386682787934879535e+00
1.740389160156250000e+03 6.549370971653526794e+03 2.386674196916915403e+00
1.740409973144531250e+03 6.547935032512522412e+03 2.387332219325003280e+00
1.740430847167968750e+03 6.546564087080620993e+03 2.386140793968653639e+00
1.740451660156250000e+03 6.541509654694718847e+03 2.384874096152308720e+00
1.740472473144531250e+03 6.545205533037993519e+03 2.389017599418646220e+00
1.740493347167968750e+03 6.542331197820694797e+03 2.386254597934711175e+00
1.740514160156250000e+03 6.541244396203088399e+03 2.386175165536633447e+00
1.740534973144531250e+03 6.550676035034692177e+03 2.391907690665608488e+00
1.740555847167968750e+03 6.546786611014937080e+03 2.387472130577839469e+00
1.740576660156250000e+03 6.550846585124244484e+03 2.389748107053803139e+00
1.740597473144531250e+03 6.556607315150342401e+03 2.389018996586725674e+00
1.740618347167968750e+03 6.557552107110978795e+03 2.389190243286566595e+00
1.740639160156250000e+03 6.555121281988837836e+03 2.388895543653499320e+00
1.740659973144531250e+03 6.557551427239044642e+03 2.389237443744667289e+00
1.740680847167968750e+03 6.568760786423229547e+03 2.391110439505280016e+00
1.740701660156250000e+03 6.564875280655248389e+03 2.389556646045589261e+00
1.740722473144531250e+03 6.565920590540111334e+03 2.392335865445511356e+00
1.740743347167968750e+03 6.582258135258444781e+03 2.392680861155248806e+00
1.740764160156250000e+03 6.592582258286007345e+03 2.396290268378078903e+00
1.740784973144531250e+03 6.606778782649238565e+03 2.398591971626291119e+00
1.740805847167968750e+03 6.613846067387713447e+03 2.400838836465884363e+00
1.740826660156250000e+03 6.624281492401626565e+03 2.406311232543240752e+00
1.740847473144531250e+03 6.636130572762731390e+03 2.404116886445545997e+00
1.740868347167968750e+03 6.645296881742512596e+03 2.405053572028318154e+00
1.740889160156250000e+03 6.661674881736174029e+03 2.408072734931902215e+00
1.740909973144531250e+03 6.670303879855122432e+03 2.407739351759393021e+00
1.740930847167968750e+03 6.687450319421865061e+03 2.412629822711720440e+00
1.740951660156250000e+03 6.703609005661822266e+03 2.413854793760914941e+00
1.740972473144531250e+03 6.695017069549867301e+03 2.410324115564447034e+00
1.740993347167968750e+03 6.691381477509193246e+03 2.410279998817351998e+00
1.741014160156250000e+03 6.694697598650296641e+03 2.412472494492347241e+00
1.741034973144531250e+03 6.701145652894038903e+03 2.412705617255932466e+00
1.741055847167968750e+03 6.705713184133172945e+03 2.414793724743946601e+00
1.741076660156250000e+03 6.709535735464736717e+03 2.416283631936826382e+00
1.741097473144531250e+03 6.710971370179117002e+03 2.417304272780857577e+00
1.741118347167968750e+03 6.728591648373306271e+03 2.420100688100735642e+00
1.741139160156250000e+03 6.741542495134193814e+03 2.420973776214018880e+00
1.741159973144531250e+03 6.738997377891111682e+03 2.420233681012895044e+00
1.741180847167968750e+03 6.727584427483672698e+03 2.418877598750717617e+00
1.741201660156250000e+03 6.726518695212119383e+03 2.417592748146869752e+00
1.741222473144531250e+03 6.727563497059029032e+03 2.417099705626244432e+00
1.741243347167968750e+03 6.742810692234303133e+03 2.418473248087538163e+00
1.741264160156250000e+03 6.740061076194228917e+03 2.417885527773190102e+00
1.741284973144531250e+03 6.741862420205797207e+03 2.418248667252543171e+00
1.741305847167968750e+03 6.742601578730264009e+03 2.419383089864534320e+00
1.741326660156250000e+03 6.739587309445800202e+03 2.418084605558178612e+00
1.741347473144531250e+03 6.731367813343661510e+03 2.417853381928165124e+00
1.741368347167968750e+03 6.721743840474206991e+03 2.416200845043741108e+00
1.741389160156250000e+03 6.711638775171699308e+03 2.415538546457370650e+00
1.741409973144531250e+03 6.711385850645935534e+03 2.416272186003776579e+00
1.741430847167968750e+03 6.711418116573261614e+03 2.421843793114215160e+00
1.741451660156250000e+03 6.698339902694951888e+03 2.413276420926800725e+00
1.741472473144531250e+03 6.685154167148451961e+03 2.413101449420246070e+00
1.741493347167968750e+03 6.664734653448828794e+03 2.410222527135214232e+00
1.741514160156250000e+03 6.648979900418744364e+03 2.409395713073914091e+00
1.741534973144531250e+03 6.641042655182274757e+03 2.407635178618287242e+00
1.741555847167968750e+03 6.624467890209346479e+03 2.404126208497693984e+00
1.741576660156250000e+03 6.623211200946044301e+03 2.405392878080148567e+00
1.741597473144531250e+03 6.619467096083875731e+03 2.404691910073522898e+00
1.741618347167968750e+03 6.617206221443858340e+03 2.406899203622308914e+00
1.741639160156250000e+03 6.616117144521542286e+03 2.403567813311040080e+00
1.741659973144531250e+03 6.613947672166059419e+03 2.405996532218888539e+00
1.741680847167968750e+03 6.622530380684772354e+03 2.405667023820688755e+00
1.741701660156250000e+03 6.630816283505241699e+03 2.405426776317833859e+00
1.741722473144531250e+03 6.631815551042533116e+03 2.407368882868162530e+00
1.741743347167968750e+03 6.644349901009492896e+03 2.406792913843430970e+00
1.741764160156250000e+03 6.656101495618030640e+03 2.410429458342437936e+00
1.741784973144531250e+03 6.657634983229902900e+03 2.410142697585225591e+00
1.741805847167968750e+03 6.660816893078185785e+03 2.413821211425726254e+00
1.741826660156250000e+03 6.657064488635392991e+03 2.414034648845711395e+00
1.741847473144531250e+03 6.654719515761350522e+03 2.412816093174364074e+00
1.741868347167968750e+03 6.642024827062692566e+03 2.413145316986180511e+00
1.741889160156250000e+03 6.632806154576140216e+03 2.409050933774496972e+00
1.741909973144531250e+03 6.616017700841871374e+03 2.408458241410146528e+00
1.741930847167968750e+03 6.605803355055755674e+03 2.403756174604288365e+00
1.741951660156250000e+03 6.590176313483890226e+03 2.402548779678137958e+00
1.741972473144531250e+03 6.574981054504703025e+03 2.396941672222208997e+00
1.741993347167968750e+03 6.567877133904607035e+03 2.397353135305453353e+00
1.742014160156250000e+03 6.566849083868588423e+03 2.396506063025843680e+00
1.742034973144531250e+03 6.562050875354343589e+03 2.396529243130050002e+00
1.742055847167968750e+03 6.559317635994678312e+03 2.397618057478784426e+00
1.742076660156250000e+03 6.551107371442976728e+03 2.396846778037026393e+00
1.742097473144531250e+03 6.539519535301712494e+03 2.395007336631161721e+00
1.742118347167968750e+03 6.530745876674917781e+03 2.394273554266749482e+00
1.742139160156250000e+03 6.524851827971383500e+03 2.394702899001733165e+00
1.742159973144531250e+03 6.514585268899957555e+03 2.391157901184787438e+00
1.742180847167968750e+03 6.513321648695580734e+03 2.391532675770105865e+00
1.742201660156250000e+03 6.505174909975339688e+03 2.387742542509619703e+00
1.742222473144531250e+03 6.491167914632161228e+03 2.385292338722491579e+00
1.742243347167968750e+03 6.489666649926078207e+03 2.383888977032209588e+00
1.742264160156250000e+03 6.485782116287698045e+03 2.382981991602589833e+00
1.742284973144531250e+03 6.479911208322911079e+03 2.381027904175557097e+00
1.742305847167968750e+03 6.470297878751120152e+03 2.379695366829525760e+00
1.742326660156250000e+03 6.465248515756424240e+03 2.379393579336845477e+00
1.742347473144531250e+03 6.457043997026267789e+03 2.378956761317194690e+00
1.742368347167968750e+03 6.458500344555652191e+03 2.378797005586357649e+00
1.742389160156250000e+03 6.454867001746543792e+03 2.381858359493683519e+00
1.742409973144531250e+03 6.444335391016537869e+03 2.379149676616907794e+00
1.742430847167968750e+03 6.436162518522017308e+03 2.377667886159414490e+00
1.742451660156250000e+03 6.423754112045062357e+03 2.381808710509614624e+00
1.742472473144531250e+03 6.420691409337329787e+03 2.375288494055548760e+00
1.742493347167968750e+03 6.423869327287507986e+03 2.375394386874436492e+00
1.742514160156250000e+03 6.427030076413538154e+03 2.377559687911131814e+00
1.742534973144531250e+03 6.422269670110003972e+03 2.377543442707293675e+00
1.742555847167968750e+03 6.420684883806819926e+03 2.377974705201441274e+00
1.742576660156250000e+03 6.418431082596918714e+03 2.380402293465403218e+00
1.742597473144531250e+03 6.418653273170168177e+03 2.378653075929199279e+00
1.742618347167968750e+03 6.409796789127706688e+03 2.377462616154234709e+00
1.742639160156250000e+03 6.406312399583361184e+03 2.377511754212469963e+00
1.742659973144531250e+03 6.395184612221629322e+03 2.374567795628066413e+00
1.742680847167968750e+03 6.392919510348939184e+03 2.374187732128640427e+00
1.742701660156250000e+03 6.392702990441348447e+03 2.374170057946627388e+00
1.742722473144531250e+03 6.391931528377483119e+03 2.372346399478252987e+00
1.742743347167968750e+03 6.401095486609377986e+03 2.374890776682556215e+00
1.742764160156250000e+03 6.410044105675762694e+03 2.376445029501201400e+00
1.742784973144531250e+03 6.412920294414342607e+03 2.377413276510649265e+00
1.742805847167968750e+03 6.406079638427886493e+03 2.382078664375957722e+00
1.742826660156250000e+03 6.400517091160566451e+03 2.380528690696460448e+00
1.742847473144531250e+03 6.398146795768380798e+03 2.379828213334250098e+00
1.742868347167968750e+03 6.403684575837312877e+03 2.380301731761861106e+00
1.742889160156250000e+03 6.399701396693165407e+03 2.378796604680187610e+00
1.742909973144531250e+03 6.398542618174379641e+03 2.382975088106950690e+00
1.742930847167968750e+03 6.395429500871359778e+03 2.378334314907043279e+00
1.742951660156250000e+03 6.398575242820072162e+03 2.377984530777982997e+00
1.742972473144531250e+03 6.401153662327490565e+03 2.377413477080378978e+00
1.742993347167968750e+03 6.412085131962394371e+03 2.378065540106750753e+00
1.743014160156250000e+03 6.415063936686178749e+03 2.378584616079148173e+00
1.743034973144531250e+03 6.423739037901327720e+03 2.380410005691568465e+00
1.743055847167968750e+03 6.417601202408875906e+03 2.382420542013430786e+00
1.743076660156250000e+03 6.407946399766202376e+03 2.382149225693403150e+00
1.743097473144531250e+03 6.412926910015378780e+03 2.380738503295865893e+00
1.743118347167968750e+03 6.419563827625609520e+03 2.382265822439004310e+00
1.743139160156250000e+03 6.420273287668702324e+03 2.381352912501247587e+00
1.743159973144531250e+03 6.418414773444022103e+03 2.381462840583048024e+00
1.743180847167968750e+03 6.432773985609372176e+03 2.381440915441790818e+00
1.743201660156250000e+03 6.431981851808965075e+03 2.381385050470830045e+00
1.743222473144531250e+03 6.438741749017177426e+03 2.385153998915218843e+00
1.743243347167968750e+03 6.454405042246780795e+03 2.383004202713744135e+00
1.743264160156250000e+03 6.461254235839122884e+03 2.383341546033389768e+00
1.743284973144531250e+03 6.459810944632823521e+03 2.383236406485004455e+00
1.743305847167968750e+03 6.465423977517993080e+03 2.383606925235270513e+00
1.743326660156250000e+03 6.477747534598232960e+03 2.386000904572308290e+00
1.743347473144531250e+03 6.487210085078721022e+03 2.387313643766947546e+00
1.743368347167968750e+03 6.499455775655073012e+03 2.391275155413212783e+00
1.743389160156250000e+03 6.511083940138782054e+03 2.391374557768651155e+00
1.743409973144531250e+03 6.516191735236232489e+03 2.392785784993343601e+00
1.743430847167968750e+03 6.513807890395733921e+03 2.392796047951748495e+00
1.743451660156250000e+03 6.507402107231448099e+03 2.393526796935627754e+00
1.743472473144531250e+03 6.506427866918575091e+03 2.396693686101751375e+00
1.743493347167968750e+03 6.506128512175381729e+03 2.394420428301905712e+00
1.743514160156250000e+03 6.499978856851549608e+03 2.395856829541855859e+00
1.743534973144531250e+03 6.497376946447221599e+03 2.394719127360052546e+00
1.743555847167968750e+03 6.495998041725913936e+03 2.395909769801550127e+00
1.743576660156250000e+03 6.506405494495514176e+03 2.397169343265203700e+00
1.743597473144531250e+03 6.502574484223380750e+03 2.397473567144686957e+00
1.743618347167968750e+03 6.497120577439511180e+03 2.396168981066994164e+00
1.743639160156250000e+03 6.489883381903009649e+03 2.399542538436922889e+00
1.743659973144531250e+03 6.487823676008799339e+03 2.394988322856684171e+00
1.743680847167968750e+03 6.494386582596893277e+03 2.396217536527274650e+00
1.743701660156250000e+03 6.501733526661554606e+03 2.396339418337819271e+00
1.743722473144531250e+03 6.497384229853369106e+03 2.396708707250609471e+00
1.743743347167968750e+03 6.492985043495901664e+03 2.396510340916022663e+00
1.743764160156250000e+03 6.493033277581460425e+03 2.398107251222659553e+00
1.743784973144531250e+03 6.495919678746040518e+03 2.398843240123463172e+00
1.743805847167968750e+03 6.491985598640984790e+03 2.398305386063876110e+00
1.743826660156250000e+03 6.486774017732873290e+03 2.398766013644122008e+00
1.743847473144531250e+03 6.485444265073006136e+03 2.401814224065851544e+00
1.743868347167968750e+03 6.487586173375910221e+03 2.403817867406065290e+00
1.743889160156250000e+03 6.500907799981593598e+03 2.403367037049608079e+00
1.743909973144531250e+03 6.507705383302837618e+03 2.403536567119373135e+00
1.743930847167968750e+03 6.529986866942067536e+03 2.407839559691393294e+00
1.743951660156250000e+03 6.534172746776290296e+03 2.406755171422651607e+00
1.743972473144531250e+03 6.557298877599493608e+03 2.409667028796042665e+00
1.743993286132812500e+03 6.571335488466980678e+03 2.410893900805247458e+00
1.744014160156250000e+03 6.575105591717257084e+03 2.411226748942216780e+00
1.744034973144531250e+03 6.566673571925323813e+03 2.411196491919321616e+00
1.744055786132812500e+03 6.559599760931534547e+03 2.409659410208332186e+00
1.744076599121093750e+03 6.549184461595511493e+03 2.408104417298601696e+00
1.744097473144531250e+03 6.536291227652881389e+03 2.407418995065868206e+00
1.744118286132812500e+03 6.526129254947106347e+03 2.405769101923798559e+00
1.744139099121093750e+03 6.518938420691583815e+03 2.405895950230129809e+00
1.744159973144531250e+03 6.520623996409774008e+03 2.404449482838273422e+00
1.744180786132812500e+03 6.527356279975017969e+03 2.405480100648916153e+00
1.744201599121093750e+03 6.526156074315808837e+03 2.402669943396944507e+00
1.744222473144531250e+03 6.525425009439672976e+03 2.401983268177667608e+00
1.744243286132812500e+03 6.512097802717703416e+03 2.406349180084919048e+00
1.744264099121093750e+03 6.509653030341271005e+03 2.399270773410251412e+00
1.744284973144531250e+03 6.499414814966258746e+03 2.398509965727593229e+00
1.744305786132812500e+03 6.493623546321114191e+03 2.396099131117612746e+00
1.744326599121093750e+03 6.486088863886394392e+03 2.398605390506419965e+00
1.744347473144531250e+03 6.490038630906249637e+03 2.399141786037098267e+00
1.744368286132812500e+03 6.485022931086575227e+03 2.397350549584431167e+00
1.744389099121093750e+03 6.482106090943098025e+03 2.400324076388831163e+00
1.744409973144531250e+03 6.470978263095388684e+03 2.395321589562774633e+00
1.744430786132812500e+03 6.481083552337141555e+03 2.397063716138666756e+00
1.744451599121093750e+03 6.487986464632268508e+03 2.398969659572890212e+00
1.744472473144531250e+03 6.494364403805167058e+03 2.404014143135753123e+00
1.744493286132812500e+03 6.515425291422291593e+03 2.405575744489369949e+00
1.744514099121093750e+03 6.525243183847582259e+03 2.407326197545052171e+00
1.744555786132812500e+03 6.577765192041359114e+03 2.417438307155445720e+00
1.744576599121093750e+03 6.581453885643152717e+03 2.418031263390707952e+00
1.744597473144531250e+03 6.582549231860105465e+03 2.418903127155366484e+00
1.744618286132812500e+03 6.599317438079103340e+03 2.424255874354446227e+00
1.744639099121093750e+03 6.613380848694614542e+03 2.427564865172830544e+00
1.744659973144531250e+03 6.623034165352371019e+03 2.426292672663965977e+00
1.744680786132812500e+03 6.644328999049423146e+03 2.428589600406909188e+00
1.744701599121093750e+03 6.652098284806385891e+03 2.431502372764074327e+00
1.744722473144531250e+03 6.658382338976873143e+03 2.430282372759683174e+00
1.744743286132812500e+03 6.663989424127586062e+03 2.432186105358435046e+00
1.744764099121093750e+03 6.671102936306462652e+03 2.434098731684809724e+00
1.744784973144531250e+03 6.683153608301630811e+03 2.436799560067931747e+00
1.744805786132812500e+03 6.676722612134171868e+03 2.438369986970676084e+00
1.744826599121093750e+03 6.676381494162768831e+03 2.439019243246555835e+00
1.744847473144531250e+03 6.678767978467845751e+03 2.446359136190734418e+00
1.744868286132812500e+03 6.680387095280239919e+03 2.442048548322846457e+00
1.744889099121093750e+03 6.688896702108750105e+03 2.443636871607219874e+00
1.744909973144531250e+03 6.696638622242037854e+03 2.448230014522738696e+00
1.744930786132812500e+03 6.705862831076532530e+03 2.444996578783633190e+00
1.744951599121093750e+03 6.708896456265356392e+03 2.444369295679789555e+00
1.744972473144531250e+03 6.712821154631077661e+03 2.443911800247737354e+00
1.744993286132812500e+03 6.708085945805649317e+03 2.443680288583946592e+00
1.745014099121093750e+03 6.697044578403293599e+03 2.440650175895228813e+00
1.745034973144531250e+03 6.705598125870539661e+03 2.442944046934984126e+00
1.745055786132812500e+03 6.722897279165925283e+03 2.446855052413602127e+00
1.745076599121093750e+03 6.741574424277179787e+03 2.450059372318753148e+00
1.745097473144531250e+03 6.763050847608524236e+03 2.453821654320492485e+00
1.745118286132812500e+03 6.774636230960134526e+03 2.456425384394547606e+00
1.745139099121093750e+03 6.781705509026782238e+03 2.457863574215783498e+00
1.745159973144531250e+03 6.781174388420440664e+03 2.457375991967785556e+00
1.745180786132812500e+03 6.773546876920397153e+03 2.458379960560828525e+00
1.745201599121093750e+03 6.762996753407646793e+03 2.451778649841996671e+00
1.745222473144531250e+03 6.759118859625245022e+03 2.450983753052445646e+00
1.745243286132812500e+03 6.760868410418861458e+03 2.449877490659130963e+00
1.745264099121093750e+03 6.758074544704006257e+03 2.449011299558952803e+00
1.745284973144531250e+03 6.773034388086357467e+03 2.450615930012674415e+00
1.745305786132812500e+03 6.775898325442874011e+03 2.450962741638656350e+00
1.745326599121093750e+03 6.782210802366518692e+03 2.451806266729485095e+00
1.745347473144531250e+03 6.778905265495281128e+03 2.451796542508809740e+00
1.745368286132812500e+03 6.779888229977940682e+03 2.451290343563917062e+00
1.745389099121093750e+03 6.781604173655661725e+03 2.451924801879092009e+00
1.745409973144531250e+03 6.792193004362793545e+03 2.453619743072958936e+00
1.745430786132812500e+03 6.791059497333840227e+03 2.454920506481982123e+00
1.745451599121093750e+03 6.796871280721814401e+03 2.455698497873318953e+00
1.745472473144531250e+03 6.792597090808611938e+03 2.455526355015515083e+00
1.745493286132812500e+03 6.805524900588762648e+03 2.462484109895045847e+00
1.745514099121093750e+03 6.809294002152234498e+03 2.463268036327497246e+00
1.745534973144531250e+03 6.819221035532722453e+03 2.466593996042862447e+00
1.745555786132812500e+03 6.846654810197962433e+03 2.471710458094467988e+00
1.745576599121093750e+03 6.879028090067184166e+03 2.480013876230120040e+00
1.745597473144531250e+03 6.915865293750414821e+03 2.484434882827827096e+00
1.745618286132812500e+03 6.967038049581603445e+03 2.493108023324861033e+00
1.745639099121093750e+03 7.001869831887242071e+03 2.498622419374001424e+00
1.745659973144531250e+03 7.028255463577790579e+03 2.503860925511190771e+00
1.745680786132812500e+03 7.040893662906532882e+03 2.504111056945429681e+00
1.745701599121093750e+03 7.048804187143497984e+03 2.504932877484569609e+00
1.745722473144531250e+03 7.056443446633381427e+03 2.507045069888531597e+00
1.745743286132812500e+03 7.051235893065418168e+03 2.508930658166014460e+00
1.745764099121093750e+03 7.041333694390586970e+03 2.509049155242206730e+00
1.745784973144531250e+03 7.023995741166908374e+03 2.505435470678818888e+00
1.745805786132812500e+03 7.006336930844402559e+03 2.504071448912459807e+00
1.745826599121093750e+03 6.984008788711452326e+03 2.502139606420047180e+00
1.745847473144531250e+03 6.953135930479198578e+03 2.499910353006941310e+00
1.745868286132812500e+03 6.928603928423010075e+03 2.496657330283757581e+00
1.745889099121093750e+03 6.904817514416777158e+03 2.493767503567027255e+00
1.745909973144531250e+03 6.880523173669684184e+03 2.489984956106064740e+00
1.745930786132812500e+03 6.865917305752806897e+03 2.487133965326498775e+00
1.745951599121093750e+03 6.843189416452822115e+03 2.481822976321461649e+00
1.745972473144531250e+03 6.839129136867605666e+03 2.480983698701024309e+00
1.745993286132812500e+03 6.836026672497059735e+03 2.478760715447992258e+00
1.746014099121093750e+03 6.832760081767396514e+03 2.480823016962657057e+00
1.746034973144531250e+03 6.820753857232311020e+03 2.476576362835806400e+00
1.746055786132812500e+03 6.815439505877011470e+03 2.477432723840057083e+00
1.746076599121093750e+03 6.814264855312602776e+03 2.479773043891849049e+00
1.746097473144531250e+03 6.830913467636280984e+03 2.483021973499253576e+00
1.746118286132812500e+03 6.834451486715260216e+03 2.484242657669302190e+00
1.746139099121093750e+03 6.833579989614596343e+03 2.486042542698915003e+00
1.746159973144531250e+03 6.824710383427166562e+03 2.484412906765397278e+00
1.746180786132812500e+03 6.829341730484680738e+03 2.484863521120911134e+00
1.746201599121093750e+03 6.812287770768564769e+03 2.481528805075351229e+00
1.746222473144531250e+03 6.796325382579976576e+03 2.481174927159517818e+00
1.746243286132812500e+03 6.781512819759006561e+03 2.474353563293423264e+00
1.746264099121093750e+03 6.760135406729430542e+03 2.469139551259950771e+00
1.746284973144531250e+03 6.749208136097910028e+03 2.465779799326839772e+00
1.746305786132812500e+03 6.736961420416079818e+03 2.463845995654256438e+00
1.746326599121093750e+03 6.720605557478634182e+03 2.461145204528460528e+00
1.746347473144531250e+03 6.709732422797380423e+03 2.458125563640127353e+00
1.746368286132812500e+03 6.692410151690516614e+03 2.457594668950567218e+00
1.746389099121093750e+03 6.694002753254460913e+03 2.457394814088356583e+00
1.746409973144531250e+03 6.695755500184839548e+03 2.456621921326776370e+00
1.746430786132812500e+03 6.689475700380377930e+03 2.457775106466925319e+00
1.746451599121093750e+03 6.686613041011982205e+03 2.458082207822060994e+00
1.746472473144531250e+03 6.682093066144519071e+03 2.460497620037054300e+00
1.746493286132812500e+03 6.683051360754625421e+03 2.461966260200071144e+00
1.746514099121093750e+03 6.682997002733486624e+03 2.465696063546621630e+00
1.746534973144531250e+03 6.680532211014195127e+03 2.466916332840922266e+00
1.746555786132812500e+03 6.684141088583001874e+03 2.470260833836929404e+00
1.746576599121093750e+03 6.688812589258526714e+03 2.473852172715405029e+00
1.746597473144531250e+03 6.690310584402242966e+03 2.476994521910023561e+00
1.746618286132812500e+03 6.700008936508341321e+03 2.476266355888965709e+00
1.746639099121093750e+03 6.711284658349703022e+03 2.478677514382699343e+00
1.746659973144531250e+03 6.720502765991919659e+03 2.480193355621353568e+00
1.746680786132812500e+03 6.732565962774051513e+03 2.481467699162349216e+00
1.746701599121093750e+03 6.732811053038210957e+03 2.482627878112799724e+00
1.746722473144531250e+03 6.731116064829797324e+03 2.483635942425305387e+00
1.746743286132812500e+03 6.722907949130086308e+03 2.484749339949434699e+00
1.746764099121093750e+03 6.713210334395191239e+03 2.485876337494228761e+00
1.746784973144531250e+03 6.716183954542988431e+03 2.488130046855653976e+00
1.746805786132812500e+03 6.724569644284409151e+03 2.492182525342801380e+00
1.746826599121093750e+03 6.729702211769495989e+03 2.494827546330887547e+00
1.746847473144531250e+03 6.721172370994373523e+03 2.493531441731449139e+00
1.746868286132812500e+03 6.723963543907088024e+03 2.495359883010814350e+00
1.746889099121093750e+03 6.723163387439980397e+03 2.496256314089625672e+00
1.746909973144531250e+03 6.729143810051751643e+03 2.499742017786447779e+00
1.746930786132812500e+03 6.727469557054568213e+03 2.495877490876283300e+00
1.746951599121093750e+03 6.721672144766810561e+03 2.493673999364431904e+00
1.746972473144531250e+03 6.721882852417481445e+03 2.494087953541578973e+00
1.746993286132812500e+03 6.719771997283567543e+03 2.491809876152838221e+00
1.747014099121093750e+03 6.717515515137462899e+03 2.491670369514427108e+00
1.747034973144531250e+03 6.715187408481612692e+03 2.492490074421088941e+00
1.747055786132812500e+03 6.713321074757919632e+03 2.493050357124861893e+00
1.747076599121093750e+03 6.708615419263801414e+03 2.495993359954267188e+00
1.747097473144531250e+03 6.707173453734242685e+03 2.498821266764808868e+00
1.747118286132812500e+03 6.710919047680253243e+03 2.500871411086307283e+00
1.747139099121093750e+03 6.707556438551876454e+03 2.501821236033924034e+00
1.747159973144531250e+03 6.702213575848485561e+03 2.502028024164320463e+00
1.747180786132812500e+03 6.710537938387045870e+03 2.504282430637791101e+00
1.747201599121093750e+03 6.709846476443686697e+03 2.501024989769331075e+00
1.747222473144531250e+03 6.721571924193724044e+03 2.502336459308523331e+00
1.747243286132812500e+03 6.737311100356476345e+03 2.500948153941055185e+00
1.747264099121093750e+03 6.742995182430509885e+03 2.499523403515250042e+00
1.747284973144531250e+03 6.746841806708886907e+03 2.497107262724024945e+00
1.747305786132812500e+03 6.754544209122962457e+03 2.495321760357493979e+00
1.747326599121093750e+03 6.753904958416615955e+03 2.494815122829912024e+00
1.747347473144531250e+03 6.751989233715608862e+03 2.492352997358107114e+00
1.747368286132812500e+03 6.751615945078208824e+03 2.492268815104165647e+00
1.747389099121093750e+03 6.742482497812227848e+03 2.494640613886086822e+00
1.747409973144531250e+03 6.734706809092857839e+03 2.495308861583524607e+00
1.747430786132812500e+03 6.729154482151910088e+03 2.495945217148817452e+00
1.747451599121093750e+03 6.722097237510088235e+03 2.500157160587453742e+00
1.747472473144531250e+03 6.713901689949237152e+03 2.499253066060760364e+00
1.747493286132812500e+03 6.707434775106903544e+03 2.503546488085526267e+00
1.747514099121093750e+03 6.701188343463516503e+03 2.505643387820036594e+00
1.747534973144531250e+03 6.697776773128799505e+03 2.508134102328352544e+00
1.747555786132812500e+03 6.678763365059301577e+03 2.507478020249368278e+00
1.747576599121093750e+03 6.659231089581221568e+03 2.509498386033674144e+00
1.747597473144531250e+03 6.643916347408573529e+03 2.512255669096104871e+00
1.747618286132812500e+03 6.642385342037707233e+03 2.510929060650584965e+00
1.747639099121093750e+03 6.638178473939869946e+03 2.512607067351030121e+00
1.747659973144531250e+03 6.636220681212523232e+03 2.513566495854695493e+00
1.747680786132812500e+03 6.628754975404654033e+03 2.516795863273165068e+00
1.747701599121093750e+03 6.631553779727250003e+03 2.517419779009849812e+00
1.747722473144531250e+03 6.626481070271087447e+03 2.520177855800205702e+00
1.747743286132812500e+03 6.619659160216118835e+03 2.523340937889798408e+00
1.747764099121093750e+03 6.610966581447438330e+03 2.527831795456455311e+00
1.747784973144531250e+03 6.608152671722944433e+03 2.533191925000539690e+00
1.747805786132812500e+03 6.604714891175459343e+03 2.540369724338217061e+00
1.747826599121093750e+03 6.596808530229348435e+03 2.544940237006858119e+00
1.747847473144531250e+03 6.598587171341719113e+03 2.558083053755704217e+00
1.747868286132812500e+03 6.592838569623571857e+03 2.556103235335933199e+00
1.747889099121093750e+03 6.590632302116669052e+03 2.560152513759146320e+00
1.747909973144531250e+03 6.588509812192926802e+03 2.560212114159396091e+00
1.747930786132812500e+03 6.584211874994393838e+03 2.560135378387276894e+00
1.747951599121093750e+03 6.578729043526076566e+03 2.558976425789773135e+00
1.747972473144531250e+03 6.575416305589302283e+03 2.557820303688891794e+00
1.747993286132812500e+03 6.577713910415006467e+03 2.558522743229872276e+00
1.748014099121093750e+03 6.576169321658227091e+03 2.561322662827073771e+00
1.748034973144531250e+03 6.579592706427285520e+03 2.560136309660434595e+00
1.748055786132812500e+03 6.581587497083462040e+03 2.561783294934901090e+00
1.748076599121093750e+03 6.586160087982808363e+03 2.568393257410775732e+00
1.748097473144531250e+03 6.595680639287860686e+03 2.571545800685492988e+00
1.748118286132812500e+03 6.600579324846347845e+03 2.577206349706931299e+00
1.748139099121093750e+03 6.591995144764612633e+03 2.581586329090766796e+00
1.748159973144531250e+03 6.593797884777154650e+03 2.586448688056363743e+00
1.748180786132812500e+03 6.599827304268414082e+03 2.589559548090502705e+00
1.748201599121093750e+03 6.604581709235406379e+03 2.589907362028684989e+00
1.748222473144531250e+03 6.610825070490466715e+03 2.590973896603290694e+00
1.748243286132812500e+03 6.611577855376054686e+03 2.588490680727173476e+00
1.748264099121093750e+03 6.612849901758164378e+03 2.585746735050810763e+00
1.748284973144531250e+03 6.616823727509844502e+03 2.586928624262998522e+00
1.748305786132812500e+03 6.620353867637964868e+03 2.579900696491972845e+00
1.748326599121093750e+03 6.618369845367177732e+03 2.577467678544514751e+00
1.748347473144531250e+03 6.621467528598142053e+03 2.577140573921074207e+00
1.748368286132812500e+03 6.629480634890131114e+03 2.581194166267739121e+00
1.748389099121093750e+03 6.633001349748653411e+03 2.584787164776787716e+00
1.748409973144531250e+03 6.640163213930574784e+03 2.591114773715909259e+00
1.748430786132812500e+03 6.637969837351581191e+03 2.596984133854440824e+00
1.748451599121093750e+03 6.642308373191536703e+03 2.605198881937235367e+00
1.748472473144531250e+03 6.635167574044435241e+03 2.612627480786925638e+00
1.748493286132812500e+03 6.630668101944749651e+03 2.618559338313772855e+00
1.748514099121093750e+03 6.628144725902119717e+03 2.626342339397078174e+00
1.748534973144531250e+03 6.623876224453505529e+03 2.634273316218538330e+00
1.748555786132812500e+03 6.619154785894040288e+03 2.642836327636520988e+00
1.748576599121093750e+03 6.613725859574068636e+03 2.651950093468633085e+00
1.748597473144531250e+03 6.612788200948893973e+03 2.660284770264064402e+00
1.748618286132812500e+03 6.616665351328804718e+03 2.669500801910834387e+00
1.748639099121093750e+03 6.606975712594933611e+03 2.677881282724773104e+00
1.748659973144531250e+03 6.608017399286570253e+03 2.687986640340666256e+00
1.748680786132812500e+03 6.604321999730803327e+03 2.697166711760066615e+00
1.748701599121093750e+03 6.602324050822796380e+03 2.706340310790130044e+00
1.748722473144531250e+03 6.604109216622232452e+03 2.717380310202210048e+00
1.748743286132812500e+03 6.599778368366191899e+03 2.729630195527133374e+00
1.748764099121093750e+03 6.607900278495141720e+03 2.744924282704268137e+00
1.748784973144531250e+03 6.614454766076926717e+03 2.759511192131811619e+00
1.748805786132812500e+03 6.619548918973486252e+03 2.777469594601890357e+00
1.748826599121093750e+03 6.630033202399324182e+03 2.795329343468896610e+00
1.748847473144531250e+03 6.647124406830443149e+03 2.811931128720697615e+00
1.748868286132812500e+03 6.647853289107049022e+03 2.825111174294782312e+00
1.748889099121093750e+03 6.647158004608284500e+03 2.834694161578116045e+00
1.748909973144531250e+03 6.638638101939889566e+03 2.840234280983529036e+00
1.748930786132812500e+03 6.639106095750127679e+03 2.847965678919038623e+00
1.748951599121093750e+03 6.640549311286219563e+03 2.851452132924103822e+00
1.748972473144531250e+03 6.629770745143666318e+03 2.854449255845901146e+00
1.748993286132812500e+03 6.619408372425722519e+03 2.859020273687125080e+00
1.749014099121093750e+03 6.627146016703315581e+03 2.868144112226325149e+00
1.749034973144531250e+03 6.634187369636018957e+03 2.877424296055207886e+00
1.749055786132812500e+03 6.625144900821661395e+03 2.884756368468561316e+00
1.749076599121093750e+03 6.630623660624895820e+03 2.894071267010395410e+00
1.749097473144531250e+03 6.619010990756939464e+03 2.904983080291061448e+00
1.749118286132812500e+03 6.626011284745521152e+03 2.917264513777790391e+00
1.749139099121093750e+03 6.628232471938775234e+03 2.927509281394572671e+00
1.749159912109375000e+03 6.626327468606937146e+03 2.938291727061053571e+00
1.749180725097656250e+03 6.622577738828523252e+03 2.944909348962782225e+00
1.749201599121093750e+03 6.606276726993978627e+03 2.948682238555000001e+00
1.749222412109375000e+03 6.599745021688214365e+03 2.952948025037728019e+00
1.749243225097656250e+03 6.589512842412949794e+03 2.953760310868175143e+00
1.749264099121093750e+03 6.576896570594625700e+03 2.952670269222420263e+00
1.749284912109375000e+03 6.564297227410558662e+03 2.948085299320199582e+00
1.749305725097656250e+03 6.566387813387130336e+03 2.946260901630416207e+00
1.749326599121093750e+03 6.554942624782916937e+03 2.942670289640467729e+00
1.749347412109375000e+03 6.554271335415923204e+03 2.942779018037036121e+00
1.749368225097656250e+03 6.554677578261008421e+03 2.949202743385784586e+00
1.749389099121093750e+03 6.555740763938219061e+03 2.953485698974662732e+00
1.749409912109375000e+03 6.563380323656784640e+03 2.964231726964026592e+00
1.749430725097656250e+03 6.567817531090767261e+03 2.974614184069487521e+00
1.749451599121093750e+03 6.562665524155282583e+03 2.983838257780771830e+00
1.749472412109375000e+03 6.553993969126641787e+03 2.994211971181923726e+00
1.749493225097656250e+03 6.562937351942176065e+03 3.007357317678404307e+00
1.749514099121093750e+03 6.575097948460766020e+03 3.022706566907218395e+00
1.749534912109375000e+03 6.575513217895709204e+03 3.037278620183860856e+00
1.749555725097656250e+03 6.573239639009493658e+03 3.057131830788910154e+00
1.749576599121093750e+03 6.565832339409497763e+03 3.070826829535033831e+00
1.749597412109375000e+03 6.576189830183512640e+03 3.090835277165589812e+00
1.749618225097656250e+03 6.571655408791858463e+03 3.109661759998453512e+00
1.749639099121093750e+03 6.575031239543181982e+03 3.132963942674903191e+00
1.749659912109375000e+03 6.576335647971553954e+03 3.149822526806616452e+00
1.749680725097656250e+03 6.579322666261689847e+03 3.169550452621997305e+00
1.749701599121093750e+03 6.589459631001153866e+03 3.194426546645588783e+00
1.749722412109375000e+03 6.597314106384604202e+03 3.217782921552791109e+00
1.751951599121093750e+03 6.725674053701827688e+03 2.408056002513786265e+00
1.751972412109375000e+03 6.725804757399972004e+03 2.408872389166013317e+00
1.751993225097656250e+03 6.719241873103984290e+03 2.406438844875043781e+00
1.752014099121093750e+03 6.713946431647985264e+03 2.408661562806075018e+00
1.752034912109375000e+03 6.720566762601594746e+03 2.408392707682392331e+00
1.752055725097656250e+03 6.709348115406757643e+03 2.405531441545894378e+00
1.752076599121093750e+03 6.700239471300039440e+03 2.404135233003104943e+00
1.752097412109375000e+03 6.700559173657146857e+03 2.406272392664170923e+00
1.752118225097656250e+03 6.704968836678339358e+03 2.406106919827868840e+00
1.752139099121093750e+03 6.700327487353470133e+03 2.404100424009855352e+00
1.752159912109375000e+03 6.706202966868789190e+03 2.404780149503036757e+00
1.752180725097656250e+03 6.714003638354655777e+03 2.407719151236387134e+00
1.752201599121093750e+03 6.705802152906352603e+03 2.407910356259750806e+00
1.752222412109375000e+03 6.706875650806900012e+03 2.405766723454176415e+00
1.752243225097656250e+03 6.711370390793023944e+03 2.407604678404572596e+00
1.752264099121093750e+03 6.721082506898573229e+03 2.406971216490076504e+00
1.752284912109375000e+03 6.724836795516919665e+03 2.408405774972856683e+00
1.752305725097656250e+03 6.737945535379241846e+03 2.410088981790191820e+00
1.752326599121093750e+03 6.736865917294214341e+03 2.410254477998569733e+00
1.752347412109375000e+03 6.744223442340389738e+03 2.411661379829662888e+00
1.752368225097656250e+03 6.748612289963499279e+03 2.413424213061172718e+00
1.752389099121093750e+03 6.752138825549240210e+03 2.412215430518933168e+00
1.752409912109375000e+03 6.757318714332789568e+03 2.413121209683784851e+00
1.752430725097656250e+03 6.754756340175209516e+03 2.412686150044834221e+00
1.752451599121093750e+03 6.746751554502685394e+03 2.410853156878444370e+00
1.752472412109375000e+03 6.736955765256397171e+03 2.414616394694323098e+00
1.752493225097656250e+03 6.724938055667032131e+03 2.408402013184384405e+00
1.752514099121093750e+03 6.717503570261456844e+03 2.406910198848778215e+00
1.752534912109375000e+03 6.708395985899779589e+03 2.405751957069321545e+00
1.752555725097656250e+03 6.701987764088080439e+03 2.403999762689004172e+00
1.752576599121093750e+03 6.696584511061557350e+03 2.402838232741311586e+00
1.752597412109375000e+03 6.694630485404049068e+03 2.402943109938229238e+00
1.752618225097656250e+03 6.695119434814175293e+03 2.402347124298951364e+00
1.752639099121093750e+03 6.680585953234246517e+03 2.400920862122601918e+00
1.752659912109375000e+03 6.673240961762428924e+03 2.399454603213676318e+00
1.752680725097656250e+03 6.660762268625219804e+03 2.398286299024497747e+00
1.752701599121093750e+03 6.657892874669490084e+03 2.398173761933346082e+00
1.752722412109375000e+03 6.642820389831033935e+03 2.395057209741209725e+00
1.752743225097656250e+03 6.649698046343031820e+03 2.395525926411845141e+00
1.752764099121093750e+03 6.633551933002582700e+03 2.394262301850458297e+00
1.752784912109375000e+03 6.628762261477218090e+03 2.393490040659778550e+00
1.752805725097656250e+03 6.623957647760365035e+03 2.393343906467782389e+00
1.752826599121093750e+03 6.630639034959889614e+03 2.398462550128752202e+00
1.752847412109375000e+03 6.627148598254150784e+03 2.393412143380206469e+00
1.752868225097656250e+03 6.619873870865585559e+03 2.392369948692097736e+00
1.752889099121093750e+03 6.608096607528682398e+03 2.395095335589993102e+00
1.752909912109375000e+03 6.596714632357858136e+03 2.390025144628308507e+00
1.752930725097656250e+03 6.599878344890067638e+03 2.389292725970846298e+00
1.752951599121093750e+03 6.601581522218429200e+03 2.390342745605174901e+00
1.752972412109375000e+03 6.593384264954946957e+03 2.389264586080533714e+00
1.752993225097656250e+03 6.592574019715246322e+03 2.389306097291930442e+00
1.753014099121093750e+03 6.599093327418814624e+03 2.390994074636637379e+00
1.753034912109375000e+03 6.595547922223217029e+03 2.390534642325784720e+00
1.753055725097656250e+03 6.600988749905413897e+03 2.391865526852912982e+00
1.753076599121093750e+03 6.603131610122518396e+03 2.391896925507492888e+00
1.753097412109375000e+03 6.610182325978877998e+03 2.393025607866745119e+00
1.753118225097656250e+03 6.622034484514498217e+03 2.398774859531671577e+00
1.753139099121093750e+03 6.632727567523109428e+03 2.396978574501885895e+00
1.753159912109375000e+03 6.630165534579246923e+03 2.397679808778391486e+00
1.753180725097656250e+03 6.622519162564897670e+03 2.398739575179020811e+00
1.753201538085937500e+03 6.631685440115775236e+03 2.399491268122198928e+00
1.753222351074218750e+03 6.644034692921931310e+03 2.403741098309091218e+00
1.753243225097656250e+03 6.646657678462334843e+03 2.401685274022502536e+00
1.753264038085937500e+03 6.645068963145626185e+03 2.401774418055244720e+00
1.753284851074218750e+03 6.653717328003932380e+03 2.405052184175211938e+00
1.753305725097656250e+03 6.647351496345916530e+03 2.401795859778840914e+00
1.753326538085937500e+03 6.641801728384963099e+03 2.400829799569612177e+00
1.753347351074218750e+03 6.644884710931331938e+03 2.402753593406415256e+00
1.753368225097656250e+03 6.648166541173931364e+03 2.402685423333598802e+00
1.753389038085937500e+03 6.656500384485426366e+03 2.402694949398891833e+00
1.753409851074218750e+03 6.651953777050027384e+03 2.404646202758966123e+00
1.753430725097656250e+03 6.653224815546623176e+03 2.404074440900055620e+00
1.753451538085937500e+03 6.646282416667964753e+03 2.401174071351128703e+00
1.753472351074218750e+03 6.644503842988949145e+03 2.402955809988160940e+00
1.753493225097656250e+03 6.627061315851372456e+03 2.399775228306356034e+00
1.753514038085937500e+03 6.621636816331138107e+03 2.399368552745554606e+00
1.753534851074218750e+03 6.618178663250854697e+03 2.398594854206872018e+00
1.753555725097656250e+03 6.612471657174825850e+03 2.398091542893161510e+00
1.753576538085937500e+03 6.606621000438939518e+03 2.397506682353805818e+00
1.753597351074218750e+03 6.605836637714894096e+03 2.397345577036165132e+00
1.753618225097656250e+03 6.606327860370632152e+03 2.398251007483883424e+00
1.753639038085937500e+03 6.603505223954240137e+03 2.400027068303369759e+00
1.753659851074218750e+03 6.587228545556680729e+03 2.397003938273034152e+00
1.753680725097656250e+03 6.580827727549983138e+03 2.394103965783589860e+00
1.753701538085937500e+03 6.574683443886884561e+03 2.396702241204694328e+00
1.753722351074218750e+03 6.569883337609478076e+03 2.394118106914773225e+00
1.753743225097656250e+03 6.579475283597686939e+03 2.394192197110098341e+00
1.753764038085937500e+03 6.580252366469220760e+03 2.397086592464882759e+00
1.753784851074218750e+03 6.572580187032999675e+03 2.394348635407637982e+00
1.753805725097656250e+03 6.580079723459871275e+03 2.394535332282664353e+00
1.753826538085937500e+03 6.582954191037856617e+03 2.395911660503475815e+00
1.753847351074218750e+03 6.589378839747348138e+03 2.398015982402008195e+00
1.753868225097656250e+03 6.579749710629712354e+03 2.395396239726152121e+00
1.753889038085937500e+03 6.587162879609980337e+03 2.402531611842920523e+00
1.753909851074218750e+03 6.590111546628590986e+03 2.398532132447022125e+00
1.753930725097656250e+03 6.584939316369462176e+03 2.395893848041938057e+00
1.753951538085937500e+03 6.591230469873307811e+03 2.396438809609100495e+00
1.753972351074218750e+03 6.584220720236832676e+03 2.398144533238358633e+00
1.753993225097656250e+03 6.586679614020014924e+03 2.397696016988052570e+00
1.754014038085937500e+03 6.586080083400705917e+03 2.401396277687007252e+00
1.754034851074218750e+03 6.583907553495376305e+03 2.396256937366168405e+00
1.754055725097656250e+03 6.586725309278012901e+03 2.396845783319171641e+00
1.754076538085937500e+03 6.580311196076656415e+03 2.399520381051603035e+00
1.754097351074218750e+03 6.585484622991908509e+03 2.396746408924784077e+00
1.754118225097656250e+03 6.577114712733036868e+03 2.395133261746038578e+00
1.754139038085937500e+03 6.576238808249012436e+03 2.398283217248688093e+00
1.754159851074218750e+03 6.578449363667111356e+03 2.397304801751333425e+00
1.754180725097656250e+03 6.581071908336477463e+03 2.395815630861201750e+00
1.754201538085937500e+03 6.589961117013990588e+03 2.398544358845864366e+00
1.754222351074218750e+03 6.584084922199299399e+03 2.398062014931998664e+00
1.754243225097656250e+03 6.589074970505884266e+03 2.397569629823562476e+00
1.754264038085937500e+03 6.592715354884418957e+03 2.397644508310692313e+00
1.754284851074218750e+03 6.601750968000619650e+03 2.398067284258117216e+00
1.754305725097656250e+03 6.608284181250648544e+03 2.400108823693223314e+00
1.754326538085937500e+03 6.599706002263327719e+03 2.399462949746169915e+00
1.754347351074218750e+03 6.595954073478211285e+03 2.397970446114174425e+00
1.754368225097656250e+03 6.592977876302442382e+03 2.399016170712758633e+00
1.754389038085937500e+03 6.591484051524398637e+03 2.397849044928984874e+00
1.754409851074218750e+03 6.590687377906775509e+03 2.396607437020889630e+00
1.754430725097656250e+03 6.593583890277926002e+03 2.397566547126563030e+00
1.754451538085937500e+03 6.589934073637198708e+03 2.397075850564978960e+00
1.754472351074218750e+03 6.600692125593226592e+03 2.398598929573506844e+00
1.754493225097656250e+03 6.604598931939191061e+03 2.400516267720970376e+00
1.754514038085937500e+03 6.608057248451706073e+03 2.401574385346169294e+00
1.754534851074218750e+03 6.608614477682613142e+03 2.400592345413148365e+00
1.754555725097656250e+03 6.611002112106465574e+03 2.401933439617353727e+00
1.754576538085937500e+03 6.613960649762710091e+03 2.402030515021150503e+00
1.754597351074218750e+03 6.618192925071913123e+03 2.402832775429802670e+00
1.754618225097656250e+03 6.617675880145105111e+03 2.405113248954279470e+00
1.754639038085937500e+03 6.629270483052781856e+03 2.406476295035822055e+00
1.754659851074218750e+03 6.635618644729779589e+03 2.407541498161278160e+00
1.754680725097656250e+03 6.637253579199505111e+03 2.408186690497957194e+00
1.754701538085937500e+03 6.643785846116767971e+03 2.408722140156523750e+00
1.754722351074218750e+03 6.643633774590246503e+03 2.406494425459840159e+00
1.754743225097656250e+03 6.640932960585732872e+03 2.407344321568202439e+00
1.754764038085937500e+03 6.633028049705199919e+03 2.406048258461558564e+00
1.754784851074218750e+03 6.638976568313995813e+03 2.407721329732315230e+00
1.754805725097656250e+03 6.637772639524059741e+03 2.408960574437517987e+00
1.754826538085937500e+03 6.631298938690554678e+03 2.407358682036104369e+00
1.754847351074218750e+03 6.633822825910831853e+03 2.410094026971054237e+00
1.754868225097656250e+03 6.640093210422590346e+03 2.410395432633948065e+00
1.754889038085937500e+03 6.633966600106145961e+03 2.408824880610966890e+00
1.754909851074218750e+03 6.633081725950972213e+03 2.406535639467469068e+00
1.754930725097656250e+03 6.628661026819934705e+03 2.410000837808677243e+00
1.754951538085937500e+03 6.631249947462037198e+03 2.406424478917964294e+00
1.754972351074218750e+03 6.633145704876388663e+03 2.405885743152913037e+00
1.754993225097656250e+03 6.639416492000907056e+03 2.406783106814631701e+00
1.755014038085937500e+03 6.634211500460502066e+03 2.407868373650827287e+00
1.755034851074218750e+03 6.635984955631551202e+03 2.407598934814602742e+00
1.755055725097656250e+03 6.652218506065840302e+03 2.410609470086963135e+00
1.755076538085937500e+03 6.659011700240767823e+03 2.411841200774355709e+00
1.755097351074218750e+03 6.663702837236528467e+03 2.415719756603370350e+00
1.755118225097656250e+03 6.667133331841442669e+03 2.415874504834203851e+00
1.755139038085937500e+03 6.676475033593116677e+03 2.414679784771094351e+00
1.755159851074218750e+03 6.682614495792853631e+03 2.415725480885405396e+00
1.755180725097656250e+03 6.687422805283304115e+03 2.415751239986707599e+00
1.755201538085937500e+03 6.687373738769782904e+03 2.418792929256066149e+00
1.755222351074218750e+03 6.693609095946280831e+03 2.417261368375536623e+00
1.755243225097656250e+03 6.704335910982632413e+03 2.416345596908929583e+00
1.755264038085937500e+03 6.716190796589005913e+03 2.418125129043051214e+00
1.755284851074218750e+03 6.722113115562408893e+03 2.418359777234561303e+00
1.755305725097656250e+03 6.732964214289930169e+03 2.420678612321931489e+00
1.755326538085937500e+03 6.736101861121035654e+03 2.420442120385444262e+00
1.755347351074218750e+03 6.736221785923698008e+03 2.422304865927258355e+00
1.755368225097656250e+03 6.719337724541536772e+03 2.419003956791896837e+00
1.755389038085937500e+03 6.715273508082552326e+03 2.417673317851397830e+00
1.755409851074218750e+03 6.715404965176809128e+03 2.418203807738652511e+00
1.755430725097656250e+03 6.707519585340000958e+03 2.417351713317217321e+00
1.755451538085937500e+03 6.700839565668288742e+03 2.419506563843481395e+00
1.755472351074218750e+03 6.694447867079931711e+03 2.415598161753096829e+00
1.755493164062500000e+03 6.689730578913849058e+03 2.416647209439929611e+00
1.755513977050781250e+03 6.702824388887437635e+03 2.421848813807525591e+00
1.755534851074218750e+03 6.707065899740331588e+03 2.419487939680375455e+00
1.755555664062500000e+03 6.710366497427668037e+03 2.418724028376440405e+00
1.755576477050781250e+03 6.719443804134142738e+03 2.425317790651492000e+00
1.755597351074218750e+03 6.719671839717649164e+03 2.421231485826785601e+00
1.755618164062500000e+03 6.711732429406527444e+03 2.420375138045424812e+00
1.755638977050781250e+03 6.706475499646606295e+03 2.420110441162616866e+00
1.755659851074218750e+03 6.710818271094214651e+03 2.421766709398528672e+00
1.755680664062500000e+03 6.712569687812015218e+03 2.420913013015824067e+00
1.755701477050781250e+03 6.722896443757572342e+03 2.424084645974560193e+00
1.755722351074218750e+03 6.722686687336799878e+03 2.425055501243744693e+00
1.755743164062500000e+03 6.731887023960615807e+03 2.425289380612531076e+00
1.755763977050781250e+03 6.735216201491866741e+03 2.428943188847453971e+00
1.755784851074218750e+03 6.739807522790392795e+03 2.427033670815058830e+00
1.755805664062500000e+03 6.734716707386913185e+03 2.430683385726978951e+00
1.755826477050781250e+03 6.738798556715490122e+03 2.430147673275889986e+00
1.755847351074218750e+03 6.745582611351671403e+03 2.429979803527292148e+00
1.755868164062500000e+03 6.752848633760463599e+03 2.431280172204930423e+00
1.755888977050781250e+03 6.763546876242726285e+03 2.432061902670076048e+00
1.755909851074218750e+03 6.779199480653546743e+03 2.433238975663756687e+00
1.755930664062500000e+03 6.786650148564176561e+03 2.436248555855790254e+00
1.755951477050781250e+03 6.785867086521840065e+03 2.435628612771119084e+00
1.755972351074218750e+03 6.775819928949479618e+03 2.433767346211095361e+00
1.755993164062500000e+03 6.762496926042057567e+03 2.430069969959491871e+00
1.756013977050781250e+03 6.763719739064140413e+03 2.431053145806482796e+00
1.756034851074218750e+03 6.752300814640821045e+03 2.428706618160614283e+00
1.756055664062500000e+03 6.739938151057222967e+03 2.427036323146666508e+00
1.756076477050781250e+03 6.730519197937013814e+03 2.425933095998524358e+00
1.756097351074218750e+03 6.709850183905294216e+03 2.426920698444447577e+00
1.756118164062500000e+03 6.698297199173558511e+03 2.423301916307950776e+00
1.756138977050781250e+03 6.684337030173188396e+03 2.421417685370524264e+00
1.756159851074218750e+03 6.665652852952894136e+03 2.417436137416065556e+00
1.756180664062500000e+03 6.672287819394548023e+03 2.417318376821351311e+00
1.756201477050781250e+03 6.675952911847326504e+03 2.416090030495847696e+00
1.756222351074218750e+03 6.680626565942454363e+03 2.416954505703738043e+00
1.756243164062500000e+03 6.675641197779385948e+03 2.414496620427063256e+00
1.756263977050781250e+03 6.684260874642141971e+03 2.415476363372599522e+00
1.756284851074218750e+03 6.684457495834290057e+03 2.414576997219282983e+00
1.756305664062500000e+03 6.686018396943443804e+03 2.419286710743838054e+00
1.756326477050781250e+03 6.671171489500001371e+03 2.412740993816155033e+00
1.756347351074218750e+03 6.677608229417802249e+03 2.413234432874069579e+00
1.756368164062500000e+03 6.678450219888279207e+03 2.413294599057143497e+00
1.756388977050781250e+03 6.687523794455291863e+03 2.416347767627551768e+00
1.756409851074218750e+03 6.673549926575670725e+03 2.415804632498228965e+00
1.756430664062500000e+03 6.675755953558138572e+03 2.414864021248273929e+00
1.756451477050781250e+03 6.678922293863080085e+03 2.417707241134254392e+00
1.756472351074218750e+03 6.677877378828445217e+03 2.416071182636018388e+00
1.756493164062500000e+03 6.672505054904371718e+03 2.416557331461986369e+00
1.756513977050781250e+03 6.660306695280904933e+03 2.413957612064519864e+00
1.756534851074218750e+03 6.655216578486488288e+03 2.417151884717873234e+00
1.756555664062500000e+03 6.645368650965696361e+03 2.412304679593251677e+00
1.756576477050781250e+03 6.635286685387774924e+03 2.415401741557730464e+00
1.756597351074218750e+03 6.623404902172469519e+03 2.409762110702170723e+00
1.756618164062500000e+03 6.618501206341662510e+03 2.410419270462656360e+00
1.756638977050781250e+03 6.617005073089693724e+03 2.409147227563045224e+00
1.756659851074218750e+03 6.614810708664058438e+03 2.409157321858587775e+00
1.756680664062500000e+03 6.609503902430174094e+03 2.411580312677184423e+00
1.756701477050781250e+03 6.600947181571500550e+03 2.407385124880489613e+00
1.756722351074218750e+03 6.591809571700730885e+03 2.408606032229773319e+00
1.756743164062500000e+03 6.583752815319564434e+03 2.406738033592627612e+00
1.756763977050781250e+03 6.585042292091175113e+03 2.411319000854730721e+00
1.756784851074218750e+03 6.583936308468527386e+03 2.408288958799572388e+00
1.756805664062500000e+03 6.583141119537605846e+03 2.409875392779038172e+00
1.756826477050781250e+03 6.587063200163476722e+03 2.414257251574948970e+00
1.756847351074218750e+03 6.598214416359955976e+03 2.414634463997928471e+00
1.756868164062500000e+03 6.602274874771908799e+03 2.414037908039941449e+00
1.756888977050781250e+03 6.600414641823858801e+03 2.412284418465216795e+00
1.756909851074218750e+03 6.597574756394701581e+03 2.410660306134455144e+00
1.756930664062500000e+03 6.594561665749714848e+03 2.408248665805202915e+00
1.756951477050781250e+03 6.583454752172492590e+03 2.405897337596505814e+00
1.756972351074218750e+03 6.578526453329312062e+03 2.404717192488212252e+00
1.756993164062500000e+03 6.571729890660500132e+03 2.402924059737476359e+00
1.757013977050781250e+03 6.559265758071541313e+03 2.401691925194849642e+00
1.757034851074218750e+03 6.551010959721853396e+03 2.400757304555372507e+00
1.757055664062500000e+03 6.542253875669837726e+03 2.401289446465541655e+00
1.757076477050781250e+03 6.549443126546566418e+03 2.402472763939214051e+00
1.757097351074218750e+03 6.547593085043310566e+03 2.406181532641226362e+00
1.757118164062500000e+03 6.542408364603330483e+03 2.404461381677864384e+00
1.757138977050781250e+03 6.528808506401624982e+03 2.403094513976308022e+00
1.757159851074218750e+03 6.533071099701663115e+03 2.401071797896932036e+00
1.757180664062500000e+03 6.551494573041788499e+03 2.401811146816740017e+00
1.757201477050781250e+03 6.546150240697965273e+03 2.401352394061539552e+00
1.757222351074218750e+03 6.559389905624955645e+03 2.400208456205366048e+00
1.757243164062500000e+03 6.546804885619380912e+03 2.397180283662021516e+00
1.757263977050781250e+03 6.558453172068234380e+03 2.399549493627790131e+00
1.757284851074218750e+03 6.562721154669020507e+03 2.398589089042245437e+00
1.757305664062500000e+03 6.561385918284668151e+03 2.397957819086466102e+00
1.757326477050781250e+03 6.550459305730842061e+03 2.397298138407153001e+00
1.757347351074218750e+03 6.537476012927597367e+03 2.395057209741209725e+00
1.757368164062500000e+03 6.544825600950812259e+03 2.397505986243005260e+00
1.757388977050781250e+03 6.549200842771733733e+03 2.399514220665971198e+00
1.757409851074218750e+03 6.539816320905274551e+03 2.398141153026161376e+00
1.757430664062500000e+03 6.548240143784253632e+03 2.399566186003620594e+00
1.757451477050781250e+03 6.537560893736263097e+03 2.398327355853441478e+00
1.757472351074218750e+03 6.533144697265218383e+03 2.398182908254516743e+00
1.757493164062500000e+03 6.539388331801158529e+03 2.399498720270869967e+00
1.757513977050781250e+03 6.541321279884558862e+03 2.400864556676789441e+00
1.757555664062500000e+03 6.531193837109426568e+03 2.401171191866870558e+00
1.757576477050781250e+03 6.515621363313252004e+03 2.397293563563111629e+00
1.757597351074218750e+03 6.497594128588724743e+03 2.397292867390427240e+00
1.757618103027343750e+03 6.486827060164862814e+03 2.392789172770887873e+00
1.757638977050781250e+03 6.472852270276740455e+03 2.391515528547726532e+00
1.757659790039062500e+03 6.471598442432632510e+03 2.391312344541485224e+00
1.757680603027343750e+03 6.467255907338400903e+03 2.391088503116588715e+00
1.757701477050781250e+03 6.470227457940740351e+03 2.392571249192926075e+00
1.757722290039062500e+03 6.478564796898157510e+03 2.395170191887814326e+00
1.757743103027343750e+03 6.482489175094395250e+03 2.396370857864372983e+00
1.757763977050781250e+03 6.490279355310429310e+03 2.398972740466880360e+00
1.757784790039062500e+03 6.499193171945260474e+03 2.401334522672051719e+00
1.757805603027343750e+03 6.511495279222609497e+03 2.404305006396180833e+00
1.757826477050781250e+03 6.519229097628206546e+03 2.406057077575878722e+00
1.757847290039062500e+03 6.523971580050470038e+03 2.408305194606753741e+00
1.757868103027343750e+03 6.522913859128709191e+03 2.408862788554389844e+00
1.757888977050781250e+03 6.514622746142274991e+03 2.405292270848415015e+00
1.757909790039062500e+03 6.512619001241453589e+03 2.404766368502116336e+00
1.757930603027343750e+03 6.513884881067163406e+03 2.402381859453823765e+00
1.757951477050781250e+03 6.519236209401914493e+03 2.405750074100978964e+00
1.757972290039062500e+03 6.527493231489487698e+03 2.402261971423121700e+00
1.757993103027343750e+03 6.529121716164901954e+03 2.402881890787185171e+00
1.758013977050781250e+03 6.525420205184771476e+03 2.403546784172772455e+00
1.758034790039062500e+03 6.531723872203857354e+03 2.403947397300793209e+00
1.758055603027343750e+03 6.539901452772563061e+03 2.406251188996256563e+00
1.758076477050781250e+03 6.545246038982411847e+03 2.409863520671438053e+00
1.758097290039062500e+03 6.558674163787458383e+03 2.412405982680912331e+00
1.758118103027343750e+03 6.568701016229473680e+03 2.413406628642546181e+00
1.758138977050781250e+03 6.594600253663396870e+03 2.416978081556059976e+00
1.758159790039062500e+03 6.602063574668076399e+03 2.416626886062308355e+00
1.758180603027343750e+03 6.614001514240685538e+03 2.417751814026517287e+00
1.758201477050781250e+03 6.623486409694764916e+03 2.418335721912777458e+00
1.758222290039062500e+03 6.645625409328206842e+03 2.418804658967103727e+00
1.758243103027343750e+03 6.662562562027768763e+03 2.421920579050693689e+00
1.758263977050781250e+03 6.677019402424058171e+03 2.421430386985873096e+00
1.758284790039062500e+03 6.686653889646639072e+03 2.424153787896268231e+00
1.758305603027343750e+03 6.695571200959258022e+03 2.424713341985398785e+00
1.758326477050781250e+03 6.702906111755065467e+03 2.427640389842828483e+00
1.758347290039062500e+03 6.726271682595025595e+03 2.432891891448293098e+00
1.758368103027343750e+03 6.746196801025186687e+03 2.442025897926764166e+00
1.758388977050781250e+03 6.752893141301452488e+03 2.436812670708699446e+00
1.758409790039062500e+03 6.728557172910682311e+03 2.434465916396387541e+00
1.758430603027343750e+03 6.735419536662109749e+03 2.435050516094106943e+00
1.758451477050781250e+03 6.740287189890515037e+03 2.435982941209166253e+00
1.758472290039062500e+03 6.745002902117099438e+03 2.437665689167814342e+00
1.758493103027343750e+03 6.742710644505388700e+03 2.437430649773411506e+00
1.758513977050781250e+03 6.739415087220243549e+03 2.436340349615344181e+00
1.758534790039062500e+03 6.745824529678435283e+03 2.437273259498673017e+00
1.758555603027343750e+03 6.725498187729725942e+03 2.434588233707354998e+00
1.758576477050781250e+03 6.714203042233589258e+03 2.435964149392943146e+00
1.758597290039062500e+03 6.696808919430267451e+03 2.436714437027783564e+00
1.758618103027343750e+03 6.687926165480354939e+03 2.429792886392616147e+00
1.758638977050781250e+03 6.670731069711972850e+03 2.428761689162384663e+00
1.758659790039062500e+03 6.656092055875574260e+03 2.426561116588465961e+00
1.758680603027343750e+03 6.626106079440628491e+03 2.423268071344844898e+00
1.758701477050781250e+03 6.609855631220772011e+03 2.421885238133601792e+00
1.758722290039062500e+03 6.600657546928305237e+03 2.422620793845521536e+00
1.758743103027343750e+03 6.592412888072738497e+03 2.421781968821821618e+00
1.758763977050781250e+03 6.579721844947442150e+03 2.421078951046604644e+00
1.758784790039062500e+03 6.560644184075264093e+03 2.420431088127540153e+00
1.758805603027343750e+03 6.553802824194637651e+03 2.420386761584411683e+00
1.758826477050781250e+03 6.540839547487177697e+03 2.420498167419054880e+00
1.758847290039062500e+03 6.531536666688870355e+03 2.418706186770092526e+00
1.758868103027343750e+03 6.516129644996388379e+03 2.417328831511547094e+00
1.758888977050781250e+03 6.515107670752960075e+03 2.416250478050788519e+00
1.758909790039062500e+03 6.513747428458340437e+03 2.415630831100709752e+00
1.758930603027343750e+03 6.511493871401748947e+03 2.414432534310710032e+00
1.758951477050781250e+03 6.503667373259127089e+03 2.411150215738124380e+00
1.758972290039062500e+03 6.505440453569510282e+03 2.411046981056329308e+00
1.758993103027343750e+03 6.503467653518806401e+03 2.410477429818986828e+00
1.759013977050781250e+03 6.512355380280048848e+03 2.415068876496622163e+00
1.759034790039062500e+03 6.501069996222718146e+03 2.410694624805506781e+00
1.759055603027343750e+03 6.508988149080690164e+03 2.413762539989546596e+00
1.759076477050781250e+03 6.515678565454604723e+03 2.414834994568960891e+00
1.759097290039062500e+03 6.515254037620344207e+03 2.415345477553871856e+00
1.759118103027343750e+03 6.512740685154613857e+03 2.415432439435290402e+00
1.759138977050781250e+03 6.516404303162068572e+03 2.414906968246024022e+00
1.759159790039062500e+03 6.507864932389123169e+03 2.415093161798023580e+00
1.759180603027343750e+03 6.494414586568753293e+03 2.411373579102662479e+00
1.759201477050781250e+03 6.491388319204138497e+03 2.409118626829319432e+00
1.759222290039062500e+03 6.489330109646687561e+03 2.405296533112066815e+00
1.759243103027343750e+03 6.495362790390798182e+03 2.406709206100369425e+00
1.759263977050781250e+03 6.496858340550882531e+03 2.407263505199539910e+00
1.759284790039062500e+03 6.504257043957181850e+03 2.409620030630680532e+00
1.759305603027343750e+03 6.503573020736521357e+03 2.406666509077044047e+00
1.759326477050781250e+03 6.498375508432464812e+03 2.406232561320737595e+00
1.759347290039062500e+03 6.490951790786809397e+03 2.407650428580252910e+00
1.759368103027343750e+03 6.494177192378342625e+03 2.407648844173116753e+00
1.759388977050781250e+03 6.500541971718884270e+03 2.411587727468991194e+00
1.759409790039062500e+03 6.498991910614762674e+03 2.410755348865019076e+00
1.759430603027343750e+03 6.500524138580213730e+03 2.410719151971335794e+00
1.759451477050781250e+03 6.492134986412364015e+03 2.410737052688872506e+00
1.759472290039062500e+03 6.494126628722550777e+03 2.409715905915653877e+00
1.759493103027343750e+03 6.486793676382143531e+03 2.411148040340228338e+00
1.759513977050781250e+03 6.483516631174447866e+03 2.408768462984822278e+00
1.759534790039062500e+03 6.475857628598386327e+03 2.408454182726540438e+00
1.759555603027343750e+03 6.479825639670564669e+03 2.410326984114213644e+00
1.759576477050781250e+03 6.489121891338918431e+03 2.413788122491442145e+00
1.759597290039062500e+03 6.491628828285864074e+03 2.414144965186090452e+00
1.759618103027343750e+03 6.502540818452317581e+03 2.417198933708111230e+00
1.759638916015625000e+03 6.516409145244907450e+03 2.421481881999593799e+00
1.759659729003906250e+03 6.538104064433377062e+03 2.424612749778644716e+00
1.759680603027343750e+03 6.555732165955320852e+03 2.428359966127664471e+00
1.759701416015625000e+03 6.587708571890578241e+03 2.433208698407788528e+00
1.759722229003906250e+03 6.604650255889998334e+03 2.437984907383631050e+00
1.759743103027343750e+03 6.603751403170582307e+03 2.439294105887165998e+00
1.759763916015625000e+03 6.600069030124783239e+03 2.443127908575630336e+00
1.759784729003906250e+03 6.591978057494682616e+03 2.445344479872752164e+00
1.759805603027343750e+03 6.590260423924461065e+03 2.448805291961913877e+00
1.759826416015625000e+03 6.580620882341425386e+03 2.447357395214206921e+00
1.759847229003906250e+03 6.578216340539780504e+03 2.449453144934296667e+00
1.759868103027343750e+03 6.577000640595423647e+03 2.452979308254525925e+00
1.759888916015625000e+03 6.586375281833552435e+03 2.453058521317579288e+00
1.759909729003906250e+03 6.572495120001782198e+03 2.446965253195864332e+00
1.759930603027343750e+03 6.574937899711728278e+03 2.447996379014372614e+00
1.759951416015625000e+03 6.577196813872272287e+03 2.442071881916364262e+00
1.759972229003906250e+03 6.562889630891017077e+03 2.438047200917190516e+00
1.759993103027343750e+03 6.556134573716710293e+03 2.437399348601744453e+00
1.760013916015625000e+03 6.548840822769300757e+03 2.435678437204486624e+00
1.760034729003906250e+03 6.559292771451247063e+03 2.436750639143891561e+00
1.760055603027343750e+03 6.570935973375312642e+03 2.443662141357167084e+00
1.760076416015625000e+03 6.570981823590158456e+03 2.444963716733104864e+00
1.760097229003906250e+03 6.567812023137967117e+03 2.443662629187606683e+00
1.760118103027343750e+03 6.562057419967934948e+03 2.443692191530476343e+00
1.760138916015625000e+03 6.557949339281910397e+03 2.444144265451230424e+00
1.760159729003906250e+03 6.560320626206947964e+03 2.444570995677007197e+00
1.760180603027343750e+03 6.554419417950760362e+03 2.442460807399949640e+00
1.760201416015625000e+03 6.552696217886388695e+03 2.439259994106338869e+00
1.760222229003906250e+03 6.543838451476669434e+03 2.436601130712704233e+00
1.760243103027343750e+03 6.533689040039249448e+03 2.434184827709609422e+00
1.760263916015625000e+03 6.522987924752233994e+03 2.431605817553336379e+00
1.760284729003906250e+03 6.532981000393689101e+03 2.431033629372723048e+00
1.760305603027343750e+03 6.539603986679083391e+03 2.432540935238568292e+00
1.760326416015625000e+03 6.538696406424089218e+03 2.433707686155848204e+00
1.760347229003906250e+03 6.537682678748733451e+03 2.435861574840797239e+00
1.760368103027343750e+03 6.534904827691168066e+03 2.436310991646254642e+00
1.760388916015625000e+03 6.535701845212240187e+03 2.438465611834642388e+00
1.760409729003906250e+03 6.531340942033057217e+03 2.439724909330809766e+00
1.760430603027343750e+03 6.526508485196867696e+03 2.442621474900934508e+00
1.760451416015625000e+03 6.516895903394260131e+03 2.439167723747244221e+00
1.760472229003906250e+03 6.504121568076679978e+03 2.437791366769167745e+00
1.760493103027343750e+03 6.507703146102699066e+03 2.439804552724083475e+00
1.760513916015625000e+03 6.507722889917124121e+03 2.441353808030517047e+00
1.760534729003906250e+03 6.523806564401128526e+03 2.446337890137703308e+00
1.760555603027343750e+03 6.534726547366261002e+03 2.452881527620871527e+00
1.760576416015625000e+03 6.545476570419246855e+03 2.455372358002523292e+00
1.760597229003906250e+03 6.553045507264623666e+03 2.458474128268929970e+00
1.760618103027343750e+03 6.557044676678126962e+03 2.459311199208925380e+00
1.760638916015625000e+03 6.561209069617896603e+03 2.461436484475712394e+00
1.760659729003906250e+03 6.566316651644056037e+03 2.464040779593750230e+00
1.760680603027343750e+03 6.572000534619983227e+03 2.466568961227462164e+00
1.760701416015625000e+03 6.573809460072001457e+03 2.469643346697594666e+00
1.760722229003906250e+03 6.584342876090914615e+03 2.472754694951075916e+00
1.760743103027343750e+03 6.593954415088455789e+03 2.480034833786500137e+00
1.760763916015625000e+03 6.604887754618699546e+03 2.484525663977608989e+00
1.760784729003906250e+03 6.611005009704941585e+03 2.491060486440852095e+00
1.760805603027343750e+03 6.625343167718789118e+03 2.496675760772942620e+00
1.760826416015625000e+03 6.628795804190287527e+03 2.501352993104343891e+00
1.760847229003906250e+03 6.644874818305609551e+03 2.509155484261917923e+00
1.760868103027343750e+03 6.643292730100881272e+03 2.508581406079729792e+00
1.760888916015625000e+03 6.656252095750162880e+03 2.511368746420817200e+00
1.760909729003906250e+03 6.656321359056653819e+03 2.510304196530502630e+00
1.760930603027343750e+03 6.665577818949089306e+03 2.508170319220711431e+00
1.760951416015625000e+03 6.666286841181397904e+03 2.505506078800644687e+00
1.760972229003906250e+03 6.670197176510727331e+03 2.504453411812097574e+00
1.760993103027343750e+03 6.666437210294131546e+03 2.503896918554667561e+00
1.761013916015625000e+03 6.665262295498910134e+03 2.503422492514076225e+00
1.761034729003906250e+03 6.666024050644376075e+03 2.505701335106723437e+00
1.761055603027343750e+03 6.672205354934308161e+03 2.520048812817309969e+00
1.761076416015625000e+03 6.678157559253148065e+03 2.517217380907521118e+00
1.761097229003906250e+03 6.672697472011370337e+03 2.521235967170574188e+00
1.761118103027343750e+03 6.671073309260198585e+03 2.524414818060815247e+00
1.761138916015625000e+03 6.671605875058889069e+03 2.526839475719315775e+00
1.761159729003906250e+03 6.671179792181351331e+03 2.526598482931432521e+00
1.761180603027343750e+03 6.672303013288452348e+03 2.525237111959717229e+00
1.761201416015625000e+03 6.678879689858725214e+03 2.525042044412291631e+00
1.761222229003906250e+03 6.681328234541051643e+03 2.519506173415663408e+00
1.761243103027343750e+03 6.671760056756053018e+03 2.514948594040057550e+00
1.761263916015625000e+03 6.658661187159251313e+03 2.510971788838102459e+00
1.761284729003906250e+03 6.658309020148954005e+03 2.509304280311857038e+00
1.761305603027343750e+03 6.658037654174987438e+03 2.509505226490075458e+00
1.761326416015625000e+03 6.652980408371254271e+03 2.514237678830673950e+00
1.761347229003906250e+03 6.644479886220470689e+03 2.514241661577601761e+00
1.761368103027343750e+03 6.645949214056849087e+03 2.516206946499735864e+00
1.761388916015625000e+03 6.637428965637328474e+03 2.518684374993214625e+00
1.761409729003906250e+03 6.633577793603672944e+03 2.520361853611188696e+00
1.761430603027343750e+03 6.636749381678038844e+03 2.527095352064602007e+00
1.761451416015625000e+03 6.641979689495633465e+03 2.530468478648873809e+00
1.761472229003906250e+03 6.638913719995950487e+03 2.536826877856534601e+00
1.761493103027343750e+03 6.633884062507514500e+03 2.536937493425988510e+00
1.761513916015625000e+03 6.636083459828390005e+03 2.543183067185729396e+00
1.761534729003906250e+03 6.634619681593816495e+03 2.552307887156697319e+00
1.761555541992187500e+03 6.633384474455430791e+03 2.558000568613521430e+00
1.761576354980468750e+03 6.638472037654275482e+03 2.563564079607273172e+00
1.761597229003906250e+03 6.638068241241435317e+03 2.569371477299573936e+00
1.761618041992187500e+03 6.637163093568118711e+03 2.572505212747020931e+00
1.761638854980468750e+03 6.637781632612424801e+03 2.577420225046644031e+00
1.761659729003906250e+03 6.633838167868328128e+03 2.578689143562518993e+00
1.761680541992187500e+03 6.626351455002651164e+03 2.581713404403755074e+00
1.761701354980468750e+03 6.622307615401666226e+03 2.583493186763035521e+00
1.761722229003906250e+03 6.617302864289640638e+03 2.588202737664667907e+00
1.761743041992187500e+03 6.612837906214488612e+03 2.597930388935703494e+00
1.761763854980468750e+03 6.607677569589822269e+03 2.607558754746352125e+00
1.761784729003906250e+03 6.604671878818043297e+03 2.616321295119009793e+00
1.761805541992187500e+03 6.593700667792843888e+03 2.626401890207493928e+00
1.761826354980468750e+03 6.593039995371412260e+03 2.638256568330099583e+00
1.761847229003906250e+03 6.581585824714848968e+03 2.650475722024171255e+00
1.761868041992187500e+03 6.576076079978643065e+03 2.657071872794340539e+00
1.761888854980468750e+03 6.566996129934123928e+03 2.662567345568922939e+00
1.761909729003906250e+03 6.566857229388398082e+03 2.668478965843632533e+00
1.761930541992187500e+03 6.565158396619680389e+03 2.672942634232395420e+00
1.761951354980468750e+03 6.564713872526744126e+03 2.682976753125621006e+00
1.761972229003906250e+03 6.560976352897826473e+03 2.681590036024778634e+00
1.761993041992187500e+03 6.559779830843773198e+03 2.688423352974172786e+00
1.762013854980468750e+03 6.558551666107258825e+03 2.694180015706309383e+00
1.762034729003906250e+03 6.567782637690951560e+03 2.705037317071479652e+00
1.762055541992187500e+03 6.580427533874776600e+03 2.718611264251607373e+00
1.762076354980468750e+03 6.585832300126222435e+03 2.732275456506362499e+00
1.762097229003906250e+03 6.583984726150766619e+03 2.745530397629325048e+00
1.762118041992187500e+03 6.589234001008449013e+03 2.758872025854317123e+00
1.762138854980468750e+03 6.595018857401973037e+03 2.771669151808159093e+00
1.762159729003906250e+03 6.588782904347611293e+03 2.775444057092538941e+00
1.762180541992187500e+03 6.591052803809739089e+03 2.781375410702850548e+00
1.762201354980468750e+03 6.589313377494315318e+03 2.782167433394584055e+00
1.762222229003906250e+03 6.589594608978149154e+03 2.779377253235336021e+00
1.762243041992187500e+03 6.585276823364919437e+03 2.776531975384625817e+00
1.762263854980468750e+03 6.587518988021870427e+03 2.774544250591875372e+00
1.762284729003906250e+03 6.587346229666613908e+03 2.774043830893847762e+00
1.762305541992187500e+03 6.585147928069904992e+03 2.778286673236597615e+00
1.762326354980468750e+03 6.583858075845138046e+03 2.781256686427619140e+00
1.762347229003906250e+03 6.590071243172748837e+03 2.791137436383550607e+00
1.762368041992187500e+03 6.589350205180261582e+03 2.802650243048029122e+00
1.762388854980468750e+03 6.587147274541873230e+03 2.815877200738244213e+00
1.762409729003906250e+03 6.597719348329773311e+03 2.828846201961249474e+00
1.762430541992187500e+03 6.594773271475208276e+03 2.842000905476371742e+00
1.762451354980468750e+03 6.604499428029103910e+03 2.860406574880677066e+00
1.762472229003906250e+03 6.602569830098150305e+03 2.874265991718564450e+00
1.762493041992187500e+03 6.599791201184235433e+03 2.894803218445590520e+00
1.762513854980468750e+03 6.601341715658537396e+03 2.912316338638168745e+00
1.762534729003906250e+03 6.602059532117747040e+03 2.931372562278113492e+00
1.762555541992187500e+03 6.602204931469018447e+03 2.952127278031596358e+00
1.762576354980468750e+03 6.600003303422113277e+03 2.974970995336879476e+00
1.762597229003906250e+03 6.599177688512388158e+03 2.994194931065324639e+00
1.762618041992187500e+03 6.596755141386366631e+03 3.011696584102931507e+00
1.762638854980468750e+03 6.594634389695699610e+03 3.021727401142665137e+00
1.763305541992187500e+03 6.551910366782088204e+03 3.425176134244507065e+00
