1.738680847167968750e+03 2.781969882273693656e+03 1.513735192728111745e+00
1.738701660156250000e+03 2.782959173603150248e+03 1.517135182351770917e+00
1.738722473144531250e+03 2.782877697090222227e+03 1.518523207948434095e+00
1.738743347167968750e+03 2.780903301186253884e+03 1.518884202341735712e+00
1.738764160156250000e+03 2.784411700031999771e+03 1.521427491364840900e+00
1.738784973144531250e+03 2.779818153104609337e+03 1.521439636121155292e+00
1.738805847167968750e+03 2.788297727014984957e+03 1.521827668818898749e+00
1.738826660156250000e+03 2.786118267885996829e+03 1.520339868344279033e+00
1.738847473144531250e+03 2.784875561102956453e+03 1.518141711831325846e+00
1.738868347167968750e+03 2.781993854735493642e+03 1.518549349367627199e+00
1.738889160156250000e+03 2.780324992322175149e+03 1.514851795665038026e+00
1.738909973144531250e+03 2.775606103301991425e+03 1.516382794835064551e+00
1.738930847167968750e+03 2.787426423587152385e+03 1.513584218102010936e+00
1.738951660156250000e+03 2.783074036516038177e+03 1.513386124741810557e+00
1.738972473144531250e+03 2.782191176458074551e+03 1.514077409133492313e+00
1.738993347167968750e+03 2.776059451389313836e+03 1.512323145339300456e+00
1.739014160156250000e+03 2.780795428471352352e+03 1.513815517377958830e+00
1.739034973144531250e+03 2.777373710341634705e+03 1.511198678860912414e+00
1.739055847167968750e+03 2.773104511007990368e+03 1.510539617686253111e+00
1.739076660156250000e+03 2.774486289169798511e+03 1.508122466646826032e+00
1.739097473144531250e+03 2.777565854026369379e+03 1.508774524606335765e+00
1.739118347167968750e+03 2.776353106446125366e+03 1.507775815211116477e+00
1.739139160156250000e+03 2.778287117910009783e+03 1.508220400015997109e+00
1.739159973144531250e+03 2.779880260980190542e+03 1.507073888575952036e+00
1.739180847167968750e+03 2.783038583395425121e+03 1.509974377648437116e+00
1.739201660156250000e+03 2.775817134937788978e+03 1.510147421505654064e+00
1.739222473144531250e+03 2.785404838282394849e+03 1.511718119145540218e+00
1.739243347167968750e+03 2.779213247867947757e+03 1.512666232849726899e+00
1.739264160156250000e+03 2.786231408653466133e+03 1.516122008957366818e+00
1.739284973144531250e+03 2.776778600878663383e+03 1.516613510094600548e+00
1.739305847167968750e+03 2.782991846046943465e+03 1.517470111709700475e+00
1.739326660156250000e+03 2.781340499667410768e+03 1.517067999017977176e+00
1.739347473144531250e+03 2.780836317032754778e+03 1.514775775645418099e+00
1.739368347167968750e+03 2.780797767467252925e+03 1.514867770401478797e+00
1.739389160156250000e+03 2.779094086761145263e+03 1.515989515379026598e+00
1.739409973144531250e+03 2.785224048992589360e+03 1.518316494331543698e+00
1.739430847167968750e+03 2.780308082022270355e+03 1.522340663345717493e+00
1.739451660156250000e+03 2.785640664661043957e+03 1.522764243009671725e+00
1.739472473144531250e+03 2.789674303041393159e+03 1.524061104713412940e+00
1.739493347167968750e+03 2.788353338497388449e+03 1.525384685587828582e+00
1.739514160156250000e+03 2.783009346703831852e+03 1.527754550333414452e+00
1.739534973144531250e+03 2.784715249191277508e+03 1.531385688219454977e+00
1.739555847167968750e+03 2.785760279114950663e+03 1.534683737217153343e+00
1.739576660156250000e+03 2.786138471069849402e+03 1.532987504120603361e+00
1.739597473144531250e+03 2.785844178154677593e+03 1.534957678767496114e+00
1.739618347167968750e+03 2.786668622189705729e+03 1.531266815716022078e+00
1.739639160156250000e+03 2.782255417841550752e+03 1.529197329110685066e+00
1.739659973144531250e+03 2.784211955597318592e+03 1.530042055088073338e+00
1.739680847167968750e+03 2.786467744842455886e+03 1.532006835742968809e+00
1.739701660156250000e+03 2.790831327632437933e+03 1.535414113526138769e+00
1.739722473144531250e+03 2.790131277444233547e+03 1.534435850595552209e+00
1.739743347167968750e+03 2.789393861393900806e+03 1.536970701833140662e+00
1.739764160156250000e+03 2.788157582512434146e+03 1.541095842756273537e+00
1.739784973144531250e+03 2.798280239438462104e+03 1.543398640296557600e+00
1.739805847167968750e+03 2.792003885915038154e+03 1.544111461253024009e+00
1.739826660156250000e+03 2.790640774637977756e+03 1.543156170628709578e+00
1.739847473144531250e+03 2.791464632556312154e+03 1.541958480572854784e+00
1.739868347167968750e+03 2.785900197285960076e+03 1.540662137526013664e+00
1.739889160156250000e+03 2.792995126076099041e+03 1.541799986289852376e+00
1.739909973144531250e+03 2.794637830735992793e+03 1.543610490062741869e+00
1.739930847167968750e+03 2.791879623498685760e+03 1.544820403613959670e+00
1.739951660156250000e+03 2.794691863917920728e+03 1.547970778630572308e+00
1.739972473144531250e+03 2.785932010937084669e+03 1.553376685152884074e+00
1.739993347167968750e+03 2.789730267870589614e+03 1.550625348842570750e+00
1.740014160156250000e+03 2.790467020654441058e+03 1.554416575380063392e+00
1.740034973144531250e+03 2.795724772032509463e+03 1.557584201379757616e+00
1.740055847167968750e+03 2.793952448860305140e+03 1.558838330345719170e+00
1.740076660156250000e+03 2.793358381332497629e+03 1.556884899620946561e+00
1.740097473144531250e+03 2.796977668873584207e+03 1.557932701562248390e+00
1.740118347167968750e+03 2.792698126916452111e+03 1.555007134939426772e+00
1.740139160156250000e+03 2.794575604862849559e+03 1.556502466520272243e+00
1.740159973144531250e+03 2.791307418971963216e+03 1.552359366566359311e+00
1.740180847167968750e+03 2.783575516169208640e+03 1.552924071426417418e+00
1.740201660156250000e+03 2.796459129752801346e+03 1.547396793405839910e+00
1.740222473144531250e+03 2.792224687479327713e+03 1.544659579034535879e+00
1.740243347167968750e+03 2.791468865105812256e+03 1.542572047747350794e+00
1.740264160156250000e+03 2.788475907013149481e+03 1.540254624978830256e+00
1.740284973144531250e+03 2.785855763778284199e+03 1.540154548915756871e+00
1.740305847167968750e+03 2.787867140295582431e+03 1.538000912208435489e+00
1.740326660156250000e+03 2.786946005492862696e+03 1.536319049621205357e+00
1.740347473144531250e+03 2.783502345200304262e+03 1.537071450527824235e+00
1.740368347167968750e+03 2.786768203619743417e+03 1.534612039875322242e+00
1.740389160156250000e+03 2.784677016320044913e+03 1.534293983325052402e+00
1.740409973144531250e+03 2.783743880959546459e+03 1.535288720081669167e+00
1.740430847167968750e+03 2.787759635408833674e+03 1.534084343815893314e+00
1.740451660156250000e+03 2.785364292758525153e+03 1.532381068183975570e+00
1.740472473144531250e+03 2.788679264594259166e+03 1.535928391267576743e+00
1.740493347167968750e+03 2.782856458895053038e+03 1.533341516942838823e+00
1.740514160156250000e+03 2.777208403771134726e+03 1.535016856768868010e+00
1.740534973144531250e+03 2.783231280697363218e+03 1.536501074589788907e+00
1.740555847167968750e+03 2.788031803686637431e+03 1.533859287462823850e+00
1.740576660156250000e+03 2.784153884329377433e+03 1.535872663524555204e+00
1.740597473144531250e+03 2.786038665563921768e+03 1.536304927430621525e+00
1.740618347167968750e+03 2.786356492101769618e+03 1.536554064166016476e+00
1.740639160156250000e+03 2.775963556644730033e+03 1.537219653118048424e+00
1.740659973144531250e+03 2.785440912920976643e+03 1.535772224296511501e+00
1.740680847167968750e+03 2.783022814033015038e+03 1.538756751658473254e+00
1.740701660156250000e+03 2.781300443427239770e+03 1.538430950887758941e+00
1.740722473144531250e+03 2.782441262697875572e+03 1.538457761356412101e+00
1.740743347167968750e+03 2.784268881722448441e+03 1.540573849709085064e+00
1.740764160156250000e+03 2.783614010852360934e+03 1.543255434081995503e+00
1.740784973144531250e+03 2.789097954108240629e+03 1.545561184365902285e+00
1.740805847167968750e+03 2.786927018410876371e+03 1.548045553572131805e+00
1.740826660156250000e+03 2.780026140728217342e+03 1.551330776524509902e+00
1.740847473144531250e+03 2.782527239375324370e+03 1.550993705436678916e+00
1.740868347167968750e+03 2.787453939616772459e+03 1.552899276326237032e+00
1.740889160156250000e+03 2.788448126548425535e+03 1.554600852200289207e+00
1.740909973144531250e+03 2.789284898812952633e+03 1.555743601574215429e+00
1.740930847167968750e+03 2.788090783961574289e+03 1.559256658860655342e+00
1.740951660156250000e+03 2.787155792791996191e+03 1.562930619982546787e+00
1.740972473144531250e+03 2.788296360740011096e+03 1.559772246681333296e+00
1.740993347167968750e+03 2.786277156943493992e+03 1.559020555229798211e+00
1.741014160156250000e+03 2.792213707159217392e+03 1.559047241013926000e+00
1.741034973144531250e+03 2.792551101984535308e+03 1.561203151393977029e+00
1.741055847167968750e+03 2.786247001962999548e+03 1.563166285552644696e+00
1.741076660156250000e+03 2.782390405604870921e+03 1.563318877217707792e+00
1.741097473144531250e+03 2.782984007181179095e+03 1.565033803702711612e+00
1.741118347167968750e+03 2.791023203096082398e+03 1.567678111176864508e+00
1.741139160156250000e+03 2.793860247717855145e+03 1.568547029776981905e+00
1.741159973144531250e+03 2.795021696279499338e+03 1.567553245333687784e+00
1.741180847167968750e+03 2.784641765117076375e+03 1.565873890355422571e+00
1.741201660156250000e+03 2.794006690628634260e+03 1.565220486279666590e+00
1.741222473144531250e+03 2.788421148881532645e+03 1.566177846185796030e+00
1.741243347167968750e+03 2.792688917016780124e+03 1.567898845397302177e+00
1.741264160156250000e+03 2.788511330657971030e+03 1.567536970977159827e+00
1.741284973144531250e+03 2.783769380287168133e+03 1.567253435446022136e+00
1.741305847167968750e+03 2.797143104781802322e+03 1.568432721884883252e+00
1.741326660156250000e+03 2.795990599566002857e+03 1.566906475759825446e+00
1.741347473144531250e+03 2.792237272028183725e+03 1.566419339779316022e+00
1.741368347167968750e+03 2.783954804662203514e+03 1.564531074325047344e+00
1.741389160156250000e+03 2.788580654166005843e+03 1.563517658710944058e+00
1.741409973144531250e+03 2.786776259379885687e+03 1.563567369196008139e+00
1.741430847167968750e+03 2.789432802942812941e+03 1.567328659500645260e+00
1.741451660156250000e+03 2.788427411511194805e+03 1.560854159431940946e+00
1.741472473144531250e+03 2.786570197423021455e+03 1.559910803347821284e+00
1.741493347167968750e+03 2.784925270350488972e+03 1.556398839612188612e+00
1.741514160156250000e+03 2.785635165699942718e+03 1.555084561198334603e+00
1.741534973144531250e+03 2.784046649075598907e+03 1.553523178792021620e+00
1.741555847167968750e+03 2.785257307062796826e+03 1.550983559890870556e+00
1.741576660156250000e+03 2.787181786932734212e+03 1.550987940930156572e+00
1.741597473144531250e+03 2.781045736913637029e+03 1.551089162549801115e+00
1.741618347167968750e+03 2.779232689356345873e+03 1.551682678669973336e+00
1.741639160156250000e+03 2.784591306161305056e+03 1.549996819031435491e+00
1.741659973144531250e+03 2.783931924311913463e+03 1.549345105780316478e+00
1.741680847167968750e+03 2.785291902028209279e+03 1.551542618884419023e+00
1.741701660156250000e+03 2.787308815054082061e+03 1.551675533852540756e+00
1.741722473144531250e+03 2.782802955596115680e+03 1.552607309192581164e+00
1.741743347167968750e+03 2.782877281761274844e+03 1.556190109632533014e+00
1.741764160156250000e+03 2.788651113363851891e+03 1.557410151674548660e+00
1.741784973144531250e+03 2.785294619485769999e+03 1.557412524514584895e+00
1.741805847167968750e+03 2.789128490356284601e+03 1.559365064937155765e+00
1.741826660156250000e+03 2.790864344660185907e+03 1.559021855120983568e+00
1.741847473144531250e+03 2.778664766396493633e+03 1.558866625157295793e+00
1.741868347167968750e+03 2.786314548506964456e+03 1.559261169559949201e+00
1.741889160156250000e+03 2.788843377152457379e+03 1.555097362990538690e+00
1.741909973144531250e+03 2.788280766014521760e+03 1.552084425684738589e+00
1.741930847167968750e+03 2.781543702811913590e+03 1.549923061184073747e+00
1.741951660156250000e+03 2.786277610709130386e+03 1.547388165058081411e+00
1.741972473144531250e+03 2.774164493871317973e+03 1.544302911623597563e+00
1.741993347167968750e+03 2.775458412967544064e+03 1.544210894891896668e+00
1.742014160156250000e+03 2.785120715651064074e+03 1.543654895277672301e+00
1.742034973144531250e+03 2.779556411313476474e+03 1.542814222879203001e+00
1.742055847167968750e+03 2.781725840639703165e+03 1.543319469139712297e+00
1.742076660156250000e+03 2.783856330289694597e+03 1.541613483370781745e+00
1.742097473144531250e+03 2.781126948655388787e+03 1.539465527120336130e+00
1.742118347167968750e+03 2.783591428425100275e+03 1.539102234303273642e+00
1.742139160156250000e+03 2.781115712254778828e+03 1.538885813219200260e+00
1.742159973144531250e+03 2.780015601323715146e+03 1.535806765575784993e+00
1.742180847167968750e+03 2.783506705221328957e+03 1.536635135456775769e+00
1.742201660156250000e+03 2.773073944252881574e+03 1.533168913830097457e+00
1.742222473144531250e+03 2.782078276209250362e+03 1.531320609196926252e+00
1.742243347167968750e+03 2.773643926347526303e+03 1.529252208773602018e+00
1.742264160156250000e+03 2.781102135404364617e+03 1.528673144675457785e+00
1.742284973144531250e+03 2.781131586676235202e+03 1.527835932501411031e+00
1.742305847167968750e+03 2.781142949547330772e+03 1.525715225596008251e+00
1.742326660156250000e+03 2.777670700952484822e+03 1.525330682766107504e+00
1.742347473144531250e+03 2.781722417960860639e+03 1.524604702355205177e+00
1.742368347167968750e+03 2.781158805264173679e+03 1.523719878802605843e+00
1.742389160156250000e+03 2.779954666528053622e+03 1.524954329260173491e+00
1.742409973144531250e+03 2.780720077516862602e+03 1.521641616629026528e+00
1.742430847167968750e+03 2.775973087113038218e+03 1.521682980934978779e+00
1.742451660156250000e+03 2.776707692100093482e+03 1.521044999464551628e+00
1.742472473144531250e+03 2.781692665359214516e+03 1.519193322426863446e+00
1.742493347167968750e+03 2.783433296382025219e+03 1.518882475675636501e+00
1.742514160156250000e+03 2.779465302901750874e+03 1.520531803007993732e+00
1.742534973144531250e+03 2.778387865383971530e+03 1.520525374216179948e+00
1.742555847167968750e+03 2.783902750385640502e+03 1.521349919343805146e+00
1.742576660156250000e+03 2.777074922048422650e+03 1.521245151659371242e+00
1.742597473144531250e+03 2.778566204995523094e+03 1.520590209688386318e+00
1.742618347167968750e+03 2.783624041961246348e+03 1.518527839644097543e+00
1.742639160156250000e+03 2.781639413297303690e+03 1.518708464757039023e+00
1.742659973144531250e+03 2.781446674966446153e+03 1.516003276378543596e+00
1.742680847167968750e+03 2.781737124706496161e+03 1.514996742522007889e+00
1.742701660156250000e+03 2.777285081874297248e+03 1.515110518449949817e+00
1.742722473144531250e+03 2.773441792370360872e+03 1.515142462298773696e+00
1.742743347167968750e+03 2.787250979739669674e+03 1.515224207160272840e+00
1.742764160156250000e+03 2.782942719987076998e+03 1.517957249714180445e+00
1.742784973144531250e+03 2.779799824661350613e+03 1.518109359943333736e+00
1.742805847167968750e+03 2.779709928294869769e+03 1.521412995883622443e+00
1.742826660156250000e+03 2.785579757539908769e+03 1.517498156626554184e+00
1.742847473144531250e+03 2.779261718470220785e+03 1.517688487003229891e+00
1.742868347167968750e+03 2.784732341033144621e+03 1.519323731988952764e+00
1.742889160156250000e+03 2.788519733219403406e+03 1.517491243641962306e+00
1.742909973144531250e+03 2.782129011033853658e+03 1.520375465900450473e+00
1.742930847167968750e+03 2.780928102928834051e+03 1.518319242323397988e+00
1.742951660156250000e+03 2.787176309141894762e+03 1.516869574726903647e+00
1.742972473144531250e+03 2.782733543040088534e+03 1.516522564522349681e+00
1.742993347167968750e+03 2.786502508651748485e+03 1.518905314600310863e+00
1.743014160156250000e+03 2.781259815760029142e+03 1.520107287585808598e+00
1.743034973144531250e+03 2.780660617497961994e+03 1.521824927162285457e+00
1.743055847167968750e+03 2.779089676855202015e+03 1.519667357009850228e+00
1.743076660156250000e+03 2.786625482770253711e+03 1.518498165145835577e+00
1.743097473144531250e+03 2.786707708549853578e+03 1.519132978714846649e+00
1.743118347167968750e+03 2.788194257232317796e+03 1.522166734497799379e+00
1.743139160156250000e+03 2.788897582642199723e+03 1.522232909679407387e+00
1.743159973144531250e+03 2.787239513544642250e+03 1.522022705430088774e+00
1.743180847167968750e+03 2.784737078045220187e+03 1.522564055625265311e+00
1.743201660156250000e+03 2.793547131338274539e+03 1.521738993307071963e+00
1.743222473144531250e+03 2.789234664199294912e+03 1.524023090202646813e+00
1.743243347167968750e+03 2.780706869388071937e+03 1.526225351295480204e+00
1.743264160156250000e+03 2.787369291648197304e+03 1.526122246221644385e+00
1.743284973144531250e+03 2.781109287858381776e+03 1.526072487720589788e+00
1.743305847167968750e+03 2.783648461826488528e+03 1.526401004428852959e+00
1.743326660156250000e+03 2.788496862648081787e+03 1.529874534199803682e+00
1.743347473144531250e+03 2.786466222821046813e+03 1.530482742222241566e+00
1.743368347167968750e+03 2.778277976239916825e+03 1.535654389997169300e+00
1.743389160156250000e+03 2.783775162493812331e+03 1.535770671861222958e+00
1.743409973144531250e+03 2.788129789262221038e+03 1.535900139572561329e+00
1.743430847167968750e+03 2.788470700947142177e+03 1.535926450920527930e+00
1.743451660156250000e+03 2.783444648426082949e+03 1.536314937128553604e+00
1.743472473144531250e+03 2.790854757143074494e+03 1.536887166152338224e+00
1.743493347167968750e+03 2.785581824548174154e+03 1.536400288492983712e+00
1.743514160156250000e+03 2.789062552725226396e+03 1.536806496004457623e+00
1.743534973144531250e+03 2.792246866415054228e+03 1.534461953987609872e+00
1.743555847167968750e+03 2.796313106576002610e+03 1.534902226443698003e+00
1.743576660156250000e+03 2.786098165763827183e+03 1.536517600085636870e+00
1.743597473144531250e+03 2.788603909375815419e+03 1.537937973413670889e+00
1.743618347167968750e+03 2.790682554586184779e+03 1.534863859097524319e+00
1.743639160156250000e+03 2.790255658803577717e+03 1.536755764723453543e+00
1.743659973144531250e+03 2.790721637727635425e+03 1.534459390281268876e+00
1.743680847167968750e+03 2.786886663417817090e+03 1.536077480204778301e+00
1.743701660156250000e+03 2.793804509599694029e+03 1.536384848006540960e+00
1.743722473144531250e+03 2.788839528374442125e+03 1.534763431523232136e+00
1.743743347167968750e+03 2.790340752217303361e+03 1.534643267081668316e+00
1.743764160156250000e+03 2.791369877544832889e+03 1.535835174225510968e+00
1.743784973144531250e+03 2.782406465624871544e+03 1.539817121595806526e+00
1.743805847167968750e+03 2.791202682460802862e+03 1.536044109133343660e+00
1.743826660156250000e+03 2.782536884864420699e+03 1.536398503922079328e+00
1.743847473144531250e+03 2.785296537190314211e+03 1.537419638045473880e+00
1.743868347167968750e+03 2.783899044643677371e+03 1.538466672246877165e+00
1.743889160156250000e+03 2.779212313757322590e+03 1.542128708481146360e+00
1.743909973144531250e+03 2.786043808134246774e+03 1.541283336442852425e+00
1.743930847167968750e+03 2.784024017687242122e+03 1.544302139693955800e+00
1.743951660156250000e+03 2.791027057646106186e+03 1.544092855334608938e+00
1.743972473144531250e+03 2.791500733060026505e+03 1.548715979423362477e+00
1.743993286132812500e+03 2.790050425555096808e+03 1.551568127148461151e+00
1.744014160156250000e+03 2.790051831795871294e+03 1.549783611574951037e+00
1.744034973144531250e+03 2.793628502761408527e+03 1.549746074181088895e+00
1.744055786132812500e+03 2.787334007332201963e+03 1.548586813370671944e+00
1.744076599121093750e+03 2.781794463453627486e+03 1.549208297347963947e+00
1.744097473144531250e+03 2.784937642681181842e+03 1.547457190493065404e+00
1.744118286132812500e+03 2.781720662146683935e+03 1.544820326446871395e+00
1.744139099121093750e+03 2.788516641720544612e+03 1.545200790517843314e+00
1.744159973144531250e+03 2.779006898322127654e+03 1.543286949858606816e+00
1.744180786132812500e+03 2.781871247224231865e+03 1.545405527984775595e+00
1.744201599121093750e+03 2.787260391499368325e+03 1.543768026269848992e+00
1.744222473144531250e+03 2.776563806719289460e+03 1.542488351713000139e+00
1.744243286132812500e+03 2.782400565971790002e+03 1.544131996985681932e+00
1.744264099121093750e+03 2.779299124575006772e+03 1.541016089145605061e+00
1.744284973144531250e+03 2.778954869853288074e+03 1.539224296624112309e+00
1.744305786132812500e+03 2.777051970258718029e+03 1.537635102577721291e+00
1.744326599121093750e+03 2.792438148136989639e+03 1.537330853842075351e+00
1.744347473144531250e+03 2.782346461811944209e+03 1.536936419401106590e+00
1.744368286132812500e+03 2.788980436859718793e+03 1.536388184406201285e+00
1.744389099121093750e+03 2.786723206886479147e+03 1.539300890434591063e+00
1.744409973144531250e+03 2.791053275634686543e+03 1.533940656605815800e+00
1.744430786132812500e+03 2.790129783450764080e+03 1.536573382019647882e+00
1.744451599121093750e+03 2.787205231215024469e+03 1.536873437012711063e+00
1.744472473144531250e+03 2.792052733882089342e+03 1.539404739049253346e+00
1.744493286132812500e+03 2.786214520195231671e+03 1.544186345877555544e+00
1.744514099121093750e+03 2.793384058646879566e+03 1.545167307884048435e+00
1.744555786132812500e+03 2.773049017154572994e+03 1.557812946897268569e+00
1.744576599121093750e+03 2.771007757966324334e+03 1.558862954508028587e+00
1.744597473144531250e+03 2.768147080208942953e+03 1.558424708633448175e+00
1.744618286132812500e+03 2.776645025194183745e+03 1.563108173266065659e+00
1.744639099121093750e+03 2.779646885007488891e+03 1.566742516095134263e+00
1.744659973144531250e+03 2.781132355063317846e+03 1.566224732191362490e+00
1.744680786132812500e+03 2.780939440811499935e+03 1.569243641425828839e+00
1.744701599121093750e+03 2.774180257283429000e+03 1.570775737094416202e+00
1.744722473144531250e+03 2.778039609524243133e+03 1.571687466486123785e+00
1.744743286132812500e+03 2.783456848790266577e+03 1.572859790438943861e+00
1.744764099121093750e+03 2.783055258883299757e+03 1.574140901746805543e+00
1.744784973144531250e+03 2.777583569392903883e+03 1.576705672055153551e+00
1.744805786132812500e+03 2.778149036318496201e+03 1.576262025961199242e+00
1.744826599121093750e+03 2.779820670270793926e+03 1.576690323849086139e+00
1.744847473144531250e+03 2.784168031980118940e+03 1.583870428575324008e+00
1.744868286132812500e+03 2.779237970445049086e+03 1.579326663136167763e+00
1.744889099121093750e+03 2.786281552780862967e+03 1.582037353503851218e+00
1.744909973144531250e+03 2.776457598299083202e+03 1.581787015170403432e+00
1.744930786132812500e+03 2.773845194713876936e+03 1.583415012595187132e+00
1.744951599121093750e+03 2.782756895934633576e+03 1.582241995632245102e+00
1.744972473144531250e+03 2.785769420228992203e+03 1.582640504671151360e+00
1.744993286132812500e+03 2.774753770729120788e+03 1.581955217959803317e+00
1.745014099121093750e+03 2.786276301149325263e+03 1.579867618906034332e+00
1.745034973144531250e+03 2.784935825270211353e+03 1.580921980417282935e+00
1.745055786132812500e+03 2.789623589233742223e+03 1.585106693130521549e+00
1.745076599121093750e+03 2.775705058798613663e+03 1.588069591313765017e+00
1.745097473144531250e+03 2.775611377124208047e+03 1.592076189307476186e+00
1.745118286132812500e+03 2.787822447188159458e+03 1.594392385234727039e+00
1.745139099121093750e+03 2.784749553597443537e+03 1.596095883092141010e+00
1.745159973144531250e+03 2.784909008906175586e+03 1.595895855959544640e+00
1.745180786132812500e+03 2.781125223427014134e+03 1.597389702608449813e+00
1.745201599121093750e+03 2.773665800375139952e+03 1.590881608750413179e+00
1.745222473144531250e+03 2.780790918613633949e+03 1.590774975734230434e+00
1.745243286132812500e+03 2.782808408799183326e+03 1.590511697207492192e+00
1.745264099121093750e+03 2.776599508002797847e+03 1.590435845720224783e+00
1.745284973144531250e+03 2.782341323127017858e+03 1.592546195373752527e+00
1.745305786132812500e+03 2.780062928136410392e+03 1.592303723107405089e+00
1.745326599121093750e+03 2.783127924221304056e+03 1.593427513257347217e+00
1.745347473144531250e+03 2.781967549408952436e+03 1.593384719575987152e+00
1.745368286132812500e+03 2.777828279281724463e+03 1.593181583541557922e+00
1.745389099121093750e+03 2.782092407929706951e+03 1.594410030349517893e+00
1.745409973144531250e+03 2.779503266360524321e+03 1.596153167798708639e+00
1.745430786132812500e+03 2.787643629037791470e+03 1.595471144661242402e+00
1.745451599121093750e+03 2.780899871941059700e+03 1.597021447799065852e+00
1.745472473144531250e+03 2.776968663292528618e+03 1.596170420025889714e+00
1.745493286132812500e+03 2.780332576506696569e+03 1.601011749100566872e+00
1.745514099121093750e+03 2.779968593154919745e+03 1.602147437484449544e+00
1.745534973144531250e+03 2.781648012313345589e+03 1.604436909425136504e+00
1.745555786132812500e+03 2.785110893942680832e+03 1.609961171481656850e+00
1.745576599121093750e+03 2.784725772379603313e+03 1.616531828864591125e+00
1.745597473144531250e+03 2.779002019232331349e+03 1.622492763344447919e+00
1.745618286132812500e+03 2.792382560812236079e+03 1.631363294036094258e+00
1.745639099121093750e+03 2.786389817029712049e+03 1.635504005513523929e+00
1.745659973144531250e+03 2.786022493685022710e+03 1.640926151792144516e+00
1.745680786132812500e+03 2.787927668136987904e+03 1.642742860858958709e+00
1.745701599121093750e+03 2.790375587599934079e+03 1.644241416199979655e+00
1.745722473144531250e+03 2.788604858404371498e+03 1.645893248743044879e+00
1.745743286132812500e+03 2.787522271425278632e+03 1.645485064521917007e+00
1.745764099121093750e+03 2.784350550938243032e+03 1.645659795698214856e+00
1.745784973144531250e+03 2.791513678869061096e+03 1.642894954720134582e+00
1.745805786132812500e+03 2.784361733345913763e+03 1.639708053841004487e+00
1.745826599121093750e+03 2.788106966631282376e+03 1.637423124765621463e+00
1.745847473144531250e+03 2.785425669929901687e+03 1.632792130484673976e+00
1.745868286132812500e+03 2.783097071641254843e+03 1.628638009871025805e+00
1.745889099121093750e+03 2.781309443781370192e+03 1.626145472645533774e+00
1.745909973144531250e+03 2.782584679789213169e+03 1.622409369431100812e+00
1.745930786132812500e+03 2.788325972732277478e+03 1.618620306880356408e+00
1.745951599121093750e+03 2.783344418900441724e+03 1.615516056836969749e+00
1.745972473144531250e+03 2.785279808931620209e+03 1.613295437286286438e+00
1.745993286132812500e+03 2.781581969775890229e+03 1.612302099696022895e+00
1.746014099121093750e+03 2.779623245157304154e+03 1.615586303601691309e+00
1.746034973144531250e+03 2.781760994228382970e+03 1.611483109852297924e+00
1.746055786132812500e+03 2.779640422699045303e+03 1.610379248312264977e+00
1.746076599121093750e+03 2.780363015476934834e+03 1.610222972688655885e+00
1.746097473144531250e+03 2.776295729290089639e+03 1.613849308967932883e+00
1.746118286132812500e+03 2.782238405875245007e+03 1.615118647607540092e+00
1.746139099121093750e+03 2.779177775336524064e+03 1.616598713157827882e+00
1.746159973144531250e+03 2.775124752085494038e+03 1.614730221209220051e+00
1.746180786132812500e+03 2.775256849849574792e+03 1.615935204717672935e+00
1.746201599121093750e+03 2.778113484340798095e+03 1.611591553395647525e+00
1.746222473144531250e+03 2.783399562493728354e+03 1.610904004315777183e+00
1.746243286132812500e+03 2.777581099969708248e+03 1.605426277285667336e+00
1.746264099121093750e+03 2.776717330895437954e+03 1.600984720356144697e+00
1.746284973144531250e+03 2.777559041777955827e+03 1.598212483398200545e+00
1.746305786132812500e+03 2.779616567391638910e+03 1.596239203025968001e+00
1.746326599121093750e+03 2.779367167832920586e+03 1.594271555811824115e+00
1.746347473144531250e+03 2.781854384953622230e+03 1.591659296561282355e+00
1.746368286132812500e+03 2.775078940321932350e+03 1.588591361180521799e+00
1.746389099121093750e+03 2.780256981830742916e+03 1.589386670440657179e+00
1.746409973144531250e+03 2.780902697179099505e+03 1.589356218797826070e+00
1.746430786132812500e+03 2.776638141550798537e+03 1.588770173527745300e+00
1.746451599121093750e+03 2.779479828383719905e+03 1.589191649823511465e+00
1.746472473144531250e+03 2.780088919538040045e+03 1.590248974794232106e+00
1.746493286132812500e+03 2.776034462800741494e+03 1.590361339848331390e+00
1.746514099121093750e+03 2.776160925062793922e+03 1.592337038095077428e+00
1.746534973144531250e+03 2.779120298654165708e+03 1.593133096416218697e+00
1.746555786132812500e+03 2.781046763669004122e+03 1.595126511271077518e+00
1.746576599121093750e+03 2.778998890514063532e+03 1.597969528113008186e+00
1.746597473144531250e+03 2.780130530529032967e+03 1.598030475540699991e+00
1.746618286132812500e+03 2.772125582081442644e+03 1.601128793933956018e+00
1.746639099121093750e+03 2.777001528849953957e+03 1.602402331965973703e+00
1.746659973144531250e+03 2.775842945745956058e+03 1.603982353355958734e+00
1.746680786132812500e+03 2.777919172871474075e+03 1.605873075559942853e+00
1.746701599121093750e+03 2.779049377750774511e+03 1.606821794077857302e+00
1.746722473144531250e+03 2.777400449652988300e+03 1.607080694540460319e+00
1.746743286132812500e+03 2.776955725063690807e+03 1.607080101120045512e+00
1.746764099121093750e+03 2.777373638603546624e+03 1.606353738603863990e+00
1.746784973144531250e+03 2.781909862084903125e+03 1.608665383936126458e+00
1.746805786132812500e+03 2.772734492438636153e+03 1.610793146275806276e+00
1.746826599121093750e+03 2.778707795593120409e+03 1.613219031364916400e+00
1.746847473144531250e+03 2.780970629273518625e+03 1.611345288734344239e+00
1.746868286132812500e+03 2.776186325231341925e+03 1.611801984064339166e+00
1.746889099121093750e+03 2.774909428611191743e+03 1.613001025526521248e+00
1.746909973144531250e+03 2.778722912397054188e+03 1.615605266753053382e+00
1.746930786132812500e+03 2.778929538263358154e+03 1.613321077534071613e+00
1.746951599121093750e+03 2.777812249913675259e+03 1.612261803355333978e+00
1.746972473144531250e+03 2.775515988346913673e+03 1.612721343706434940e+00
1.746993286132812500e+03 2.774532060981364339e+03 1.611625801102203770e+00
1.747014099121093750e+03 2.776213167665313904e+03 1.609906229285698265e+00
1.747034973144531250e+03 2.771281307059189203e+03 1.610668662400514428e+00
1.747055786132812500e+03 2.775608086658844968e+03 1.611278038402424118e+00
1.747076599121093750e+03 2.776538082687527549e+03 1.612122569897880053e+00
1.747097473144531250e+03 2.776112159034540127e+03 1.612965328882150384e+00
1.747118286132812500e+03 2.778675362835514989e+03 1.615122190405854807e+00
1.747139099121093750e+03 2.773144432938901900e+03 1.614595039899491935e+00
1.747159973144531250e+03 2.773040862699980607e+03 1.614899643298435716e+00
1.747180786132812500e+03 2.774061739552640574e+03 1.616741026646262513e+00
1.747201599121093750e+03 2.777016729780832975e+03 1.614723798322795334e+00
1.747222473144531250e+03 2.777903853195177817e+03 1.615867038799559507e+00
1.747243286132812500e+03 2.780212128499477785e+03 1.617816231546267192e+00
1.747264099121093750e+03 2.784178214931191178e+03 1.617182266300596583e+00
1.747284973144531250e+03 2.774819057856885593e+03 1.615935057175500900e+00
1.747305786132812500e+03 2.775486950946735305e+03 1.615634780942724502e+00
1.747326599121093750e+03 2.775448538586711493e+03 1.615793262920648399e+00
1.747347473144531250e+03 2.778524623988036637e+03 1.614689616325029498e+00
1.747368286132812500e+03 2.784126066059573077e+03 1.614437695569567843e+00
1.747389099121093750e+03 2.777814465076771739e+03 1.614984310770740672e+00
1.747409973144531250e+03 2.772813058994774110e+03 1.612937835275891185e+00
1.747430786132812500e+03 2.774621846455938794e+03 1.613616243547147944e+00
1.747451599121093750e+03 2.773355040126835320e+03 1.616379245626514027e+00
1.747472473144531250e+03 2.775336172189400259e+03 1.614338304528671442e+00
1.747493286132812500e+03 2.778116531635350384e+03 1.616797653607265906e+00
1.747514099121093750e+03 2.775116545522691013e+03 1.616767423314970697e+00
1.747534973144531250e+03 2.778109499579889871e+03 1.617375164845386903e+00
1.747555786132812500e+03 2.775301408228557193e+03 1.615444626322270816e+00
1.747576599121093750e+03 2.773031838442506796e+03 1.614716563316684228e+00
1.747597473144531250e+03 2.783495457487933436e+03 1.615539521957363167e+00
1.747618286132812500e+03 2.770496999587170649e+03 1.614831359845276815e+00
1.747639099121093750e+03 2.771042448748732568e+03 1.614477125386797329e+00
1.747659973144531250e+03 2.775280921160538583e+03 1.615222787873153321e+00
1.747680786132812500e+03 2.771466561760586501e+03 1.616560441227296474e+00
1.747701599121093750e+03 2.778654711153838889e+03 1.617582190074847048e+00
1.747722473144531250e+03 2.773131858687171643e+03 1.618358759197437546e+00
1.747743286132812500e+03 2.778889962201349135e+03 1.618966786953991877e+00
1.747764099121093750e+03 2.777185246130340602e+03 1.620582371219855489e+00
1.747784973144531250e+03 2.773632817873616204e+03 1.622937948195943170e+00
1.747805786132812500e+03 2.780277598985195254e+03 1.627432689534674459e+00
1.747826599121093750e+03 2.778572833077964333e+03 1.629029120698391342e+00
1.747847473144531250e+03 2.782811690773420651e+03 1.636346961427749269e+00
1.747868286132812500e+03 2.780090491576100703e+03 1.634344231222905952e+00
1.747889099121093750e+03 2.780628368774205228e+03 1.636188065979216066e+00
1.747909973144531250e+03 2.776283792022644775e+03 1.635587606385243697e+00
1.747930786132812500e+03 2.781894997566500024e+03 1.635543219009004900e+00
1.747951599121093750e+03 2.779178924332017232e+03 1.633672095544980829e+00
1.747972473144531250e+03 2.776530258762453286e+03 1.633868446405245756e+00
1.747993286132812500e+03 2.779260795356198742e+03 1.634817617084101560e+00
1.748014099121093750e+03 2.780126915890771670e+03 1.633433903627612871e+00
1.748034973144531250e+03 2.781298628904209636e+03 1.634675127120057248e+00
1.748055786132812500e+03 2.777656116716796078e+03 1.635912421179100518e+00
1.748076599121093750e+03 2.787671498795038588e+03 1.639199718626304536e+00
1.748097473144531250e+03 2.787317309356996702e+03 1.642097611512440825e+00
1.748118286132812500e+03 2.788708072498239744e+03 1.644834513123287767e+00
1.748139099121093750e+03 2.783185903123741355e+03 1.647218588034680797e+00
1.748159973144531250e+03 2.777990022198612678e+03 1.651053283201280086e+00
1.748180786132812500e+03 2.784834399970176037e+03 1.652172106762603621e+00
1.748201599121093750e+03 2.781111956266338893e+03 1.652487962710677882e+00
1.748222473144531250e+03 2.783343101738713358e+03 1.653485203748586096e+00
1.748243286132812500e+03 2.795978902473068501e+03 1.653214966718191237e+00
1.748264099121093750e+03 2.789208172181698501e+03 1.651553422655695380e+00
1.748284973144531250e+03 2.782691844859922185e+03 1.651758329245477608e+00
1.748305786132812500e+03 2.788510442630437865e+03 1.649099135838597352e+00
1.748326599121093750e+03 2.786497163762213404e+03 1.647477869513241266e+00
1.748347473144531250e+03 2.792891391250323977e+03 1.648822757483563883e+00
1.748368286132812500e+03 2.782247946796419910e+03 1.650645725014691756e+00
1.748389099121093750e+03 2.784598760226265313e+03 1.651911830137904325e+00
1.748409973144531250e+03 2.789636350649334872e+03 1.656833545881400305e+00
1.748430786132812500e+03 2.790808282115528073e+03 1.660286429294046018e+00
1.748451599121093750e+03 2.786028183510405597e+03 1.663883826464447324e+00
1.748472473144531250e+03 2.796161639519986693e+03 1.666874260689478859e+00
1.748493286132812500e+03 2.792975067521261735e+03 1.669698849781721117e+00
1.748514099121093750e+03 2.798805501614501281e+03 1.673675209636470873e+00
1.748534973144531250e+03 2.799230253348599035e+03 1.678318832256526116e+00
1.748555786132812500e+03 2.798455947688480137e+03 1.681730296793440660e+00
1.752430725097656250e+03 2.794298783983482281e+03 1.547714236933663834e+00
1.752451599121093750e+03 2.795089211243139744e+03 1.544785832372422840e+00
1.752472412109375000e+03 2.795885697169621380e+03 1.545509660599923452e+00
1.752493225097656250e+03 2.793524547063901537e+03 1.541651450760817887e+00
1.752514099121093750e+03 2.793990274930170017e+03 1.540696646550677951e+00
1.752534912109375000e+03 2.786805314955458016e+03 1.539723288335187679e+00
1.752555725097656250e+03 2.793850592678269550e+03 1.537500741229615109e+00
1.752576599121093750e+03 2.788285185774952424e+03 1.536681681633423002e+00
1.752597412109375000e+03 2.790176143121072073e+03 1.537372571425144496e+00
1.752618225097656250e+03 2.783820317579473340e+03 1.536870954895280805e+00
1.752639099121093750e+03 2.783539286796255055e+03 1.533598441895562603e+00
1.752659912109375000e+03 2.787743170798404662e+03 1.532710799363491638e+00
1.752680725097656250e+03 2.783678435894875747e+03 1.531170745667012278e+00
1.752701599121093750e+03 2.783710283005219026e+03 1.531002725370785633e+00
1.752722412109375000e+03 2.782465048149910672e+03 1.526989595763729834e+00
1.752743225097656250e+03 2.782875454007838471e+03 1.528159623641178522e+00
1.752764099121093750e+03 2.783048139187833840e+03 1.527090768765627216e+00
1.752784912109375000e+03 2.783390293962663236e+03 1.525965466294811224e+00
1.752805725097656250e+03 2.778684892859726006e+03 1.525219545038758451e+00
1.752826599121093750e+03 2.784769110399445708e+03 1.528717126001591708e+00
1.752847412109375000e+03 2.780932086079852070e+03 1.525534257952367190e+00
1.752868225097656250e+03 2.778769897484316516e+03 1.525714053594837916e+00
1.752889099121093750e+03 2.773949006128276778e+03 1.525009048935355160e+00
1.752909912109375000e+03 2.777417421795370046e+03 1.521974771037390317e+00
1.752930725097656250e+03 2.783437491185329691e+03 1.521702252557188606e+00
1.752951599121093750e+03 2.780409140763409596e+03 1.522397904378878897e+00
1.752972412109375000e+03 2.781615382217703427e+03 1.520450735521525987e+00
1.752993225097656250e+03 2.778886616396690442e+03 1.520477863033960153e+00
1.753014099121093750e+03 2.782084244619482888e+03 1.522032025831138613e+00
1.753034912109375000e+03 2.783042051783500483e+03 1.521593356850860834e+00
1.753055725097656250e+03 2.780249206231780136e+03 1.522447861278233949e+00
1.753076599121093750e+03 2.782663000508284313e+03 1.523924451422240978e+00
1.753097412109375000e+03 2.781721518887005914e+03 1.524119767221262300e+00
1.753118225097656250e+03 2.782886264992252109e+03 1.527602776224271208e+00
1.753139099121093750e+03 2.788054996255565584e+03 1.529108613217594614e+00
1.753159912109375000e+03 2.778313248768233734e+03 1.528126625731057731e+00
1.753180725097656250e+03 2.780960791468957723e+03 1.530002241319996736e+00
1.753201538085937500e+03 2.786792903587344426e+03 1.529844378491797441e+00
1.753222351074218750e+03 2.785546664124459312e+03 1.534096232960515005e+00
1.753243225097656250e+03 2.785241288809135312e+03 1.532231775181341904e+00
1.753264038085937500e+03 2.782611056927159552e+03 1.532681943911595512e+00
1.753284851074218750e+03 2.790236774555946795e+03 1.535082555657022452e+00
1.753305725097656250e+03 2.783721324448020368e+03 1.532569628031432707e+00
1.753326538085937500e+03 2.780289108842472160e+03 1.530311608340545249e+00
1.753347351074218750e+03 2.782208943961737987e+03 1.532504832647523019e+00
1.753368225097656250e+03 2.783077354088941320e+03 1.532515022739377564e+00
1.753389038085937500e+03 2.786990749545396739e+03 1.533824236005151720e+00
1.753409851074218750e+03 2.782524934978463079e+03 1.533724517610577820e+00
1.753430725097656250e+03 2.781469881883622293e+03 1.534008966049192235e+00
1.753451538085937500e+03 2.787639824194596258e+03 1.532625709219291643e+00
1.753472351074218750e+03 2.784780259355492490e+03 1.533993967763088939e+00
1.753493225097656250e+03 2.776803509481499987e+03 1.529461653249595710e+00
1.753514038085937500e+03 2.783204528880100497e+03 1.529360559143556397e+00
1.753534851074218750e+03 2.788680745977213519e+03 1.527792315943740542e+00
1.753555725097656250e+03 2.785418164868028725e+03 1.526607716573020967e+00
1.753576538085937500e+03 2.782627865290730824e+03 1.526943534846331163e+00
1.753597351074218750e+03 2.782504764643984345e+03 1.526034132729465309e+00
1.753618225097656250e+03 2.781926183679104270e+03 1.526465277958202194e+00
1.753639038085937500e+03 2.784102432908708124e+03 1.526355003850126790e+00
1.753659851074218750e+03 2.779118319722468186e+03 1.524110224940422142e+00
1.753680725097656250e+03 2.775535511134742592e+03 1.522287570559271108e+00
1.753701538085937500e+03 2.782569856462917414e+03 1.522967300234318255e+00
1.753722351074218750e+03 2.783390792341643646e+03 1.520707016319393423e+00
1.753743225097656250e+03 2.781105804864038873e+03 1.522146450641234106e+00
1.753764038085937500e+03 2.784580702729877885e+03 1.524014016640151903e+00
1.753784851074218750e+03 2.777763377990067511e+03 1.522693785062389615e+00
1.753805725097656250e+03 2.780199598095178771e+03 1.523038058611312362e+00
1.753826538085937500e+03 2.778008899586975531e+03 1.522386080484105619e+00
1.753847351074218750e+03 2.779409641534059119e+03 1.526042725581126192e+00
1.753868225097656250e+03 2.780118887497501419e+03 1.523019586608736819e+00
1.753889038085937500e+03 2.780034371222114714e+03 1.528015223267501277e+00
1.753909851074218750e+03 2.783136412320656746e+03 1.525302078470939682e+00
1.753930725097656250e+03 2.775364834267852984e+03 1.524115778242276731e+00
1.753951538085937500e+03 2.781802448132665631e+03 1.524408432084413123e+00
1.753972351074218750e+03 2.781576023650687148e+03 1.524480452915487838e+00
1.753993225097656250e+03 2.783916899540857685e+03 1.524642311422633734e+00
1.754014038085937500e+03 2.778803317473586503e+03 1.527225343451176887e+00
1.754034851074218750e+03 2.782619446495172724e+03 1.525014911641243476e+00
1.754055725097656250e+03 2.777483203489070092e+03 1.524470912892325725e+00
1.754076538085937500e+03 2.779516959142550149e+03 1.527568829822797625e+00
1.754097351074218750e+03 2.786170268024461620e+03 1.524875842183857078e+00
1.754118225097656250e+03 2.774812259637349143e+03 1.524188986076562502e+00
1.754139038085937500e+03 2.780322358725060894e+03 1.524585467421601948e+00
1.754159851074218750e+03 2.782082817715855072e+03 1.524652006749067867e+00
1.754180725097656250e+03 2.780825464369036126e+03 1.524271575309541271e+00
1.754201538085937500e+03 2.783899379670050166e+03 1.526552117116206642e+00
1.754222351074218750e+03 2.786457868580918330e+03 1.525471117384516573e+00
1.754243225097656250e+03 2.781819685820489667e+03 1.527040729561589094e+00
1.754264038085937500e+03 2.787080125320446768e+03 1.526731246320855107e+00
1.754284851074218750e+03 2.779620250820362799e+03 1.527084835965959897e+00
1.754305725097656250e+03 2.783550867455598109e+03 1.529828871836883986e+00
1.754326538085937500e+03 2.783068692288307830e+03 1.528196677182692254e+00
1.754347351074218750e+03 2.781844721003728864e+03 1.527563835346048338e+00
1.754368225097656250e+03 2.778945370605721564e+03 1.529001258545202191e+00
1.754389038085937500e+03 2.779014412255942261e+03 1.527288177337774888e+00
1.754409851074218750e+03 2.780705731238477711e+03 1.526732651785130068e+00
1.754430725097656250e+03 2.784056693901873132e+03 1.528764381122709848e+00
1.754451538085937500e+03 2.779961618559805629e+03 1.527914657626128436e+00
1.754472351074218750e+03 2.788756702388744543e+03 1.529120229211726079e+00
1.754493225097656250e+03 2.783383964440564341e+03 1.531045939024748836e+00
1.754514038085937500e+03 2.786472782933046801e+03 1.531386933724014687e+00
1.754534851074218750e+03 2.779493435365195182e+03 1.530590771829402508e+00
1.754555725097656250e+03 2.779486310580517511e+03 1.531761395441436635e+00
1.754576538085937500e+03 2.781604810062173783e+03 1.533189673881082848e+00
1.754597351074218750e+03 2.780097480459567123e+03 1.533124360412140730e+00
1.754618225097656250e+03 2.778444015003103686e+03 1.534069190850958719e+00
1.754639038085937500e+03 2.780838280317192130e+03 1.535670303589378616e+00
1.754659851074218750e+03 2.781309289563737366e+03 1.538843749325728982e+00
1.754680725097656250e+03 2.780892243944900201e+03 1.537378154361527471e+00
1.754701538085937500e+03 2.780750411868844367e+03 1.537750692011107478e+00
1.754722351074218750e+03 2.775964894929277762e+03 1.537918440160535694e+00
1.754743225097656250e+03 2.786025530370040997e+03 1.538067568714718947e+00
1.754764038085937500e+03 2.779114311244048622e+03 1.536276682660000059e+00
1.754784851074218750e+03 2.779368838236560350e+03 1.537755110750618881e+00
1.754805725097656250e+03 2.776601161497746034e+03 1.538631165763196362e+00
1.754826538085937500e+03 2.777540144192685148e+03 1.536922225319654389e+00
1.754847351074218750e+03 2.780385885915111430e+03 1.540551099881212860e+00
1.754868225097656250e+03 2.782987770490050480e+03 1.538956846686857283e+00
1.754889038085937500e+03 2.778417343910258296e+03 1.537459647416702824e+00
1.754909851074218750e+03 2.781084906023621897e+03 1.537537957319943693e+00
1.754930725097656250e+03 2.778992193760223017e+03 1.538546558011629983e+00
1.754951538085937500e+03 2.783627559707180353e+03 1.535855277296755306e+00
1.754972351074218750e+03 2.779122399861113990e+03 1.535791396742960169e+00
1.754993225097656250e+03 2.778952426663548977e+03 1.536800988561102699e+00
1.755014038085937500e+03 2.783420490817736663e+03 1.536884451360444936e+00
1.755034851074218750e+03 2.782310057769459945e+03 1.537394050111022370e+00
1.755055725097656250e+03 2.783453082230422751e+03 1.539936804899111999e+00
1.755076538085937500e+03 2.780430272368662372e+03 1.542574675250162564e+00
1.755097351074218750e+03 2.784793643009897551e+03 1.544759054562105938e+00
1.755118225097656250e+03 2.782115093844388412e+03 1.544861764618567834e+00
1.755139038085937500e+03 2.777618112138513879e+03 1.544608796970320386e+00
1.755159851074218750e+03 2.782532283085487052e+03 1.545343662175331145e+00
1.755180725097656250e+03 2.783938933558749341e+03 1.547324452465254518e+00
1.755201538085937500e+03 2.776533485706890133e+03 1.545631525416931717e+00
1.755222351074218750e+03 2.783049741392327178e+03 1.547369213339646832e+00
1.755243225097656250e+03 2.780816484395627413e+03 1.548233129600687707e+00
1.755264038085937500e+03 2.786488681940814331e+03 1.550878026906904017e+00
1.755284851074218750e+03 2.783251367632978145e+03 1.550664094972541651e+00
1.755305725097656250e+03 2.782663293684800010e+03 1.552375876829067192e+00
1.755326538085937500e+03 2.782191458243185025e+03 1.553226954224248280e+00
1.755347351074218750e+03 2.785481149778621329e+03 1.555702836391008592e+00
1.755368225097656250e+03 2.783688576396047210e+03 1.550838978651383870e+00
1.755389038085937500e+03 2.782240972537975722e+03 1.549629225530430476e+00
1.755409851074218750e+03 2.785541325962445626e+03 1.550580758844009921e+00
1.755430725097656250e+03 2.783674283630912669e+03 1.549472823784505238e+00
1.755451538085937500e+03 2.786119746656685493e+03 1.550743429265668327e+00
1.755472351074218750e+03 2.785562549351127473e+03 1.547857030624213648e+00
1.755493164062500000e+03 2.782156187629240321e+03 1.546848566619359877e+00
1.755513977050781250e+03 2.786039176010611754e+03 1.551099999097123483e+00
1.755534851074218750e+03 2.783596415291023277e+03 1.551427749667694034e+00
1.755555664062500000e+03 2.784114717879085674e+03 1.550248369191146613e+00
1.755576477050781250e+03 2.786435508948715324e+03 1.553995946689852525e+00
1.755597351074218750e+03 2.794006310189910891e+03 1.553353585628286071e+00
1.755618164062500000e+03 2.785266825832528866e+03 1.551968905265229903e+00
1.755638977050781250e+03 2.782239837893014283e+03 1.551200291208335358e+00
1.755659851074218750e+03 2.784895352795456802e+03 1.552641399167028702e+00
1.755680664062500000e+03 2.786467756224233199e+03 1.551874961776210649e+00
1.755701477050781250e+03 2.783307331653106303e+03 1.555528039726735035e+00
1.755722351074218750e+03 2.786370959195572141e+03 1.553896448747919878e+00
1.755743164062500000e+03 2.784902006166409137e+03 1.555337051341919796e+00
1.755763977050781250e+03 2.785079679369593123e+03 1.558862113316354270e+00
1.755784851074218750e+03 2.789854788289613680e+03 1.558618454510311668e+00
1.755805664062500000e+03 2.788041500755991365e+03 1.559246567079386692e+00
1.755826477050781250e+03 2.784761223733210045e+03 1.558847277679498822e+00
1.755847351074218750e+03 2.788440050009984589e+03 1.560105434424935433e+00
1.755868164062500000e+03 2.787648488189046930e+03 1.562061629790278738e+00
1.755888977050781250e+03 2.781183426193622836e+03 1.562498245238272521e+00
1.755909851074218750e+03 2.786805464586874677e+03 1.564054707480119655e+00
1.755930664062500000e+03 2.789608438884079533e+03 1.567481606480491729e+00
1.755951477050781250e+03 2.784376447222565730e+03 1.566093052020236520e+00
1.755972351074218750e+03 2.787344908665532330e+03 1.566421394560321811e+00
1.755993164062500000e+03 2.786911244237322080e+03 1.561623670881104653e+00
1.756013977050781250e+03 2.786873430104167710e+03 1.561419227658396247e+00
1.756034851074218750e+03 2.790923641796458014e+03 1.559296031473668354e+00
1.756055664062500000e+03 2.784712412975422012e+03 1.558505560117562805e+00
1.756076477050781250e+03 2.785350723910032229e+03 1.556259357470220372e+00
1.756097351074218750e+03 2.785336189291839673e+03 1.555859071586439546e+00
1.756118164062500000e+03 2.782431386585971268e+03 1.551510656130281163e+00
1.756138977050781250e+03 2.785595837714333811e+03 1.549182750227847016e+00
1.756159851074218750e+03 2.784768977323983563e+03 1.547139540121399648e+00
1.756180664062500000e+03 2.784628539814912074e+03 1.547271523564321516e+00
1.756201477050781250e+03 2.780082016111484791e+03 1.546024049919760390e+00
1.756222351074218750e+03 2.782014357224629748e+03 1.547621113562689610e+00
1.756243164062500000e+03 2.783983911848007665e+03 1.546033379839636401e+00
1.756263977050781250e+03 2.782518837428634015e+03 1.546546901239585603e+00
1.756284851074218750e+03 2.783979738639996413e+03 1.547131449701753647e+00
1.756305664062500000e+03 2.788442126869507774e+03 1.548427380818426569e+00
1.756326477050781250e+03 2.788957922916791176e+03 1.545205805135551946e+00
1.756347351074218750e+03 2.789997557661170958e+03 1.545288582550193190e+00
1.756368164062500000e+03 2.791854245977074697e+03 1.545505881094379586e+00
1.756388977050781250e+03 2.786108415796654299e+03 1.548058259562604455e+00
1.756409851074218750e+03 2.782581377623301705e+03 1.545966604131171707e+00
1.756430664062500000e+03 2.780739077909953266e+03 1.547237007090257910e+00
1.756451477050781250e+03 2.786267855918533314e+03 1.547547550610958611e+00
1.756472351074218750e+03 2.784903514465185708e+03 1.548182233754267445e+00
1.756493164062500000e+03 2.787234086912468683e+03 1.546900662296011975e+00
1.756513977050781250e+03 2.781721247957842024e+03 1.544553845500305167e+00
1.756534851074218750e+03 2.780250862314921505e+03 1.544794938265559470e+00
1.756555664062500000e+03 2.779073410627443536e+03 1.542674517040890203e+00
1.756576477050781250e+03 2.781753831231199001e+03 1.543704241487587447e+00
1.756597351074218750e+03 2.784539045758476732e+03 1.540319713499019416e+00
1.756618164062500000e+03 2.783599498742748438e+03 1.539431455121367254e+00
1.756638977050781250e+03 2.781477374476678960e+03 1.538155767884067160e+00
1.756659851074218750e+03 2.783051008895396535e+03 1.539170004870821007e+00
1.756680664062500000e+03 2.779405777003329604e+03 1.538129339665410100e+00
1.756701477050781250e+03 2.777066844973175648e+03 1.536898413096237981e+00
1.756722351074218750e+03 2.784089483412218669e+03 1.535020506780867988e+00
1.756743164062500000e+03 2.775692897606662882e+03 1.534682028327063019e+00
1.756763977050781250e+03 2.777968950064916044e+03 1.536302599584546069e+00
1.756784851074218750e+03 2.782102722388866823e+03 1.535677755751475360e+00
1.756805664062500000e+03 2.785711653096976988e+03 1.535826946637843360e+00
1.756826477050781250e+03 2.783182117440068396e+03 1.538704845097505380e+00
1.756847351074218750e+03 2.782531934185607042e+03 1.540813940506258195e+00
1.756868164062500000e+03 2.784302816424702996e+03 1.539532817103011153e+00
1.756888977050781250e+03 2.787270081949547148e+03 1.538672460714259227e+00
1.756909851074218750e+03 2.784064941273149088e+03 1.538184675650173361e+00
1.756930664062500000e+03 2.770926063577667719e+03 1.536732105067158516e+00
1.756951477050781250e+03 2.780516097511084809e+03 1.534394519316597982e+00
1.756972351074218750e+03 2.784661236605457361e+03 1.533141933119048339e+00
1.756993164062500000e+03 2.772128639547097009e+03 1.531180944637287711e+00
1.757013977050781250e+03 2.780322207114341381e+03 1.530959354765571101e+00
1.757034851074218750e+03 2.783446035058761936e+03 1.528584710306645666e+00
1.757055664062500000e+03 2.775625389470897517e+03 1.527457464721624802e+00
1.757076477050781250e+03 2.783505926618598551e+03 1.528185756232254500e+00
1.757097351074218750e+03 2.781587474037899938e+03 1.531782641511775234e+00
1.757118164062500000e+03 2.781273800077521173e+03 1.529036888346210432e+00
1.757138977050781250e+03 2.778206636173032621e+03 1.528040500169043359e+00
1.757159851074218750e+03 2.787906232065368386e+03 1.527576789736365459e+00
1.757180664062500000e+03 2.781882736311408280e+03 1.529501559029439628e+00
1.757201477050781250e+03 2.781043196849118885e+03 1.528696071269305401e+00
1.757222351074218750e+03 2.780320267913413772e+03 1.528738414380518273e+00
1.757243164062500000e+03 2.780839587753211163e+03 1.527090456513587879e+00
1.757263977050781250e+03 2.779214963450252071e+03 1.528665424418509611e+00
1.757284851074218750e+03 2.776326022314276088e+03 1.528002896725570103e+00
1.757305664062500000e+03 2.786175092804211090e+03 1.528745978311908393e+00
1.757326477050781250e+03 2.782592718658288504e+03 1.526622162729673882e+00
1.757347351074218750e+03 2.780440485775111028e+03 1.524868493585427975e+00
1.757368164062500000e+03 2.781119236028594514e+03 1.526720861461390744e+00
1.757388977050781250e+03 2.782660941118272149e+03 1.528466009928208802e+00
1.757409851074218750e+03 2.770592078274777123e+03 1.526849769262027978e+00
1.757430664062500000e+03 2.787767891163718105e+03 1.528221639062061543e+00
1.757451477050781250e+03 2.785397106798332970e+03 1.526598658372630979e+00
1.757472351074218750e+03 2.783758622821370409e+03 1.526658394650921791e+00
1.757493164062500000e+03 2.778057527101583673e+03 1.526586398481330153e+00
1.757513977050781250e+03 2.778314706278981703e+03 1.527484389754475869e+00
1.757555664062500000e+03 2.779389306410650079e+03 1.528077868649451387e+00
1.757576477050781250e+03 2.777859313982067306e+03 1.523791697481595708e+00
1.757597351074218750e+03 2.767393889608708378e+03 1.521531306315457410e+00
1.757618103027343750e+03 2.775973380039217318e+03 1.519695753592454679e+00
1.757638977050781250e+03 2.776359875581097640e+03 1.517965652690403511e+00
1.757659790039062500e+03 2.778838438591866179e+03 1.517423604710768537e+00
1.757680603027343750e+03 2.777520984878403851e+03 1.516849298624873166e+00
1.757701477050781250e+03 2.780007447419705841e+03 1.518261297899053952e+00
1.757722290039062500e+03 2.777980377788660462e+03 1.521052444908173706e+00
1.757743103027343750e+03 2.773574122631475348e+03 1.520969837629517096e+00
1.757763977050781250e+03 2.775998627818115892e+03 1.523313311870284847e+00
1.757784790039062500e+03 2.780503010278669080e+03 1.526654568475709128e+00
1.757805603027343750e+03 2.775213666564553932e+03 1.527931197969181865e+00
1.757826477050781250e+03 2.778965667256259167e+03 1.529943726445946339e+00
1.757847290039062500e+03 2.779697003897955710e+03 1.531568610851065548e+00
1.757868103027343750e+03 2.780162721540853909e+03 1.533182598389664308e+00
1.757888977050781250e+03 2.775242413567765198e+03 1.530216179453879333e+00
1.757909790039062500e+03 2.778220321191306994e+03 1.529074934131765762e+00
1.757930603027343750e+03 2.771097862723340313e+03 1.527301212118438611e+00
1.757951477050781250e+03 2.774813417933720302e+03 1.532062548483520636e+00
1.757972290039062500e+03 2.777761380226652363e+03 1.529670211803401125e+00
1.757993103027343750e+03 2.780414265979970878e+03 1.530480483410787684e+00
1.758013977050781250e+03 2.782750270556736268e+03 1.529303812569074106e+00
1.758034790039062500e+03 2.782123251355184038e+03 1.531392538481997079e+00
1.758055603027343750e+03 2.772715987456323546e+03 1.533733145101219941e+00
1.758076477050781250e+03 2.772811948943824518e+03 1.534740440218329782e+00
1.758097290039062500e+03 2.776828307304942427e+03 1.538398250781972676e+00
1.758118103027343750e+03 2.773334586195970132e+03 1.540117473456654507e+00
1.758138977050781250e+03 2.784506990510672040e+03 1.542896742287324985e+00
1.758159790039062500e+03 2.779950053964069411e+03 1.544752495085341293e+00
1.758180603027343750e+03 2.781767179766261052e+03 1.546161525603594766e+00
1.758201477050781250e+03 2.775470919973281070e+03 1.546084500632586289e+00
1.758222290039062500e+03 2.777786844346568159e+03 1.548960888092390187e+00
1.758243103027343750e+03 2.784001196599489504e+03 1.551835861787950854e+00
1.758263977050781250e+03 2.787965834287052985e+03 1.554393184541690509e+00
1.758284790039062500e+03 2.791923799324685206e+03 1.556225653155357325e+00
1.758305603027343750e+03 2.781438482982115602e+03 1.557490213893069964e+00
1.758326477050781250e+03 2.784515426261074026e+03 1.558773403282649017e+00
1.758347290039062500e+03 2.785308605700784028e+03 1.565314618865270013e+00
1.758368103027343750e+03 2.785267647325253620e+03 1.569691397593552251e+00
1.758388977050781250e+03 2.783409682484383211e+03 1.568386205916391551e+00
1.758409790039062500e+03 2.777924096631968496e+03 1.565499288114704513e+00
1.758430603027343750e+03 2.782225291369576553e+03 1.567223314387593547e+00
1.758451477050781250e+03 2.783941967548624234e+03 1.567617504576775733e+00
1.758472290039062500e+03 2.784295524600178851e+03 1.567761755082727193e+00
1.758493103027343750e+03 2.781882761337897136e+03 1.569138728760990142e+00
1.758513977050781250e+03 2.778955946767679507e+03 1.567303864103991362e+00
1.758534790039062500e+03 2.782208846600759898e+03 1.568625231640779161e+00
1.758555603027343750e+03 2.785040222920110409e+03 1.564727644819624341e+00
1.758576477050781250e+03 2.784289753697872129e+03 1.563787006577595839e+00
1.758597290039062500e+03 2.777490391926515258e+03 1.563823215956967161e+00
1.758618103027343750e+03 2.788899751013897912e+03 1.559983936129293980e+00
1.758638977050781250e+03 2.778989503304109348e+03 1.557062300139433475e+00
1.758659790039062500e+03 2.783647666246949484e+03 1.555300337805398891e+00
1.758680603027343750e+03 2.783916276132320945e+03 1.551375959694055062e+00
1.758701477050781250e+03 2.781690401432143972e+03 1.548156823703997320e+00
1.758722290039062500e+03 2.781624167307576045e+03 1.547622346001208848e+00
1.758743103027343750e+03 2.786759346511807053e+03 1.546070313432658550e+00
1.758763977050781250e+03 2.776314915615309474e+03 1.545929436725279604e+00
1.758784790039062500e+03 2.778676879608819945e+03 1.542463157003596264e+00
1.758805603027343750e+03 2.777293324212542757e+03 1.542325351664480371e+00
1.758826477050781250e+03 2.784305565889671016e+03 1.540455918386800072e+00
1.758847290039062500e+03 2.779007755615824863e+03 1.539172328380229215e+00
1.758868103027343750e+03 2.786248353590460738e+03 1.537846816109694759e+00
1.758888977050781250e+03 2.781584295952550292e+03 1.537187314996089738e+00
1.758909790039062500e+03 2.785944321581748227e+03 1.535681248940009347e+00
1.758930603027343750e+03 2.779853553356464545e+03 1.535635914497883725e+00
1.758951477050781250e+03 2.777620892076401560e+03 1.533153285291644075e+00
1.758972290039062500e+03 2.778973086481931205e+03 1.533007722296428454e+00
1.758993103027343750e+03 2.784341081291335740e+03 1.532186260872545391e+00
1.759013977050781250e+03 2.784720661225761432e+03 1.534558439457656354e+00
1.759034790039062500e+03 2.779619342287476229e+03 1.533666611124585133e+00
1.759055603027343750e+03 2.779031687206230345e+03 1.535790465293603413e+00
1.759076477050781250e+03 2.778129538993451661e+03 1.535908444382990456e+00
1.759097290039062500e+03 2.782453913067589838e+03 1.536069719555186897e+00
1.759118103027343750e+03 2.780347814135436693e+03 1.535976899147166508e+00
1.759138977050781250e+03 2.789235577204147830e+03 1.537144816861293561e+00
1.759159790039062500e+03 2.784186140714088651e+03 1.535164558834663184e+00
1.759180603027343750e+03 2.785726454119930622e+03 1.532446957863521364e+00
1.759201477050781250e+03 2.786668816607866120e+03 1.530161256457684749e+00
1.759222290039062500e+03 2.781220356754096429e+03 1.529004689021682850e+00
1.759243103027343750e+03 2.787972745134182787e+03 1.530070103304620233e+00
1.759263977050781250e+03 2.783067733804108684e+03 1.529193509288107489e+00
1.759284790039062500e+03 2.784587605206322223e+03 1.532061225718468256e+00
1.759305603027343750e+03 2.785363357489582540e+03 1.531724116825646798e+00
1.759326477050781250e+03 2.784263925430200743e+03 1.530783913191374745e+00
1.759347290039062500e+03 2.781746257165269981e+03 1.529736997526356612e+00
1.759368103027343750e+03 2.786844934785615351e+03 1.530603311181758075e+00
1.759388977050781250e+03 2.777952745431310632e+03 1.535155395818186275e+00
1.759409790039062500e+03 2.780080759048830714e+03 1.533161371719490074e+00
1.759430603027343750e+03 2.785968751919928309e+03 1.532350884007958047e+00
1.759451477050781250e+03 2.784949803886980135e+03 1.532881976467228347e+00
1.759472290039062500e+03 2.790433349756192001e+03 1.532887964597761110e+00
1.759493103027343750e+03 2.785227705758630236e+03 1.532467805483808565e+00
1.759513977050781250e+03 2.783469795724408414e+03 1.530236745855787284e+00
1.759534790039062500e+03 2.785914424673637313e+03 1.530106331490035165e+00
1.759555603027343750e+03 2.787013126357020155e+03 1.531943884133061262e+00
1.759576477050781250e+03 2.790736851192134054e+03 1.534604582538024342e+00
1.759597290039062500e+03 2.785850162539745270e+03 1.535134196426357178e+00
1.759618103027343750e+03 2.777909113059023184e+03 1.537210812547958660e+00
1.759638916015625000e+03 2.780261610871760695e+03 1.540704151774336506e+00
1.759659729003906250e+03 2.782213810635907976e+03 1.545595661136310417e+00
1.759680603027343750e+03 2.787966796881965365e+03 1.548333299443162892e+00
1.759701416015625000e+03 2.788077364500625663e+03 1.553742624819277385e+00
1.759722229003906250e+03 2.789969885432836236e+03 1.558631915626660813e+00
1.759743103027343750e+03 2.788650807076366618e+03 1.558671686427634873e+00
1.759763916015625000e+03 2.786497075320941804e+03 1.560516930055312779e+00
1.759784729003906250e+03 2.790501333523006451e+03 1.559957648460442714e+00
1.759805603027343750e+03 2.790357888209090561e+03 1.562772421930324285e+00
1.759826416015625000e+03 2.790484092861471709e+03 1.562057890333353072e+00
1.759847229003906250e+03 2.786556426897147958e+03 1.562364724979175001e+00
1.759868103027343750e+03 2.790851940339625344e+03 1.563720074191179199e+00
1.759888916015625000e+03 2.791556082966928898e+03 1.564500824657111933e+00
1.759909729003906250e+03 2.784080986268470497e+03 1.561237359098840871e+00
1.759930603027343750e+03 2.786872352158757167e+03 1.560463913871564356e+00
1.759951416015625000e+03 2.789874577073882847e+03 1.558006309765830766e+00
1.759972229003906250e+03 2.787684279727061039e+03 1.555142666690222386e+00
1.759993103027343750e+03 2.787167051964465372e+03 1.554116455712460265e+00
1.760013916015625000e+03 2.786042148907396950e+03 1.552924148190818698e+00
1.760034729003906250e+03 2.785247457284420761e+03 1.554460135085237171e+00
1.760055603027343750e+03 2.784862449157884384e+03 1.558520399007245594e+00
1.760076416015625000e+03 2.791415172997992613e+03 1.560187726952083631e+00
1.760097229003906250e+03 2.790998132693979642e+03 1.557941883648596759e+00
1.760118103027343750e+03 2.785384386427553181e+03 1.558201943772662634e+00
1.760138916015625000e+03 2.788928521128627835e+03 1.558283418818171118e+00
1.760159729003906250e+03 2.790659600912740189e+03 1.558592220296085129e+00
1.760180603027343750e+03 2.786852261905369232e+03 1.557841872509418746e+00
1.760201416015625000e+03 2.785181399599684937e+03 1.555476462911722590e+00
1.760222229003906250e+03 2.782044285407817824e+03 1.552468023907654482e+00
1.760243103027343750e+03 2.781695225300880793e+03 1.551533783092757801e+00
1.760263916015625000e+03 2.781113962168222770e+03 1.549032844781357721e+00
1.760284729003906250e+03 2.784383058332265136e+03 1.548953268953145335e+00
1.760305603027343750e+03 2.785788006809414583e+03 1.550108641231827455e+00
1.760326416015625000e+03 2.784958635207428870e+03 1.551669925531939054e+00
1.760347229003906250e+03 2.784195541409381349e+03 1.552134271933637066e+00
1.760368103027343750e+03 2.785361124046636633e+03 1.552492288395254327e+00
1.760388916015625000e+03 2.787156315967317369e+03 1.552311447414129297e+00
1.760409729003906250e+03 2.782713332160597474e+03 1.553036066652191405e+00
1.760430603027343750e+03 2.783988797269050792e+03 1.555944193626236371e+00
1.760451416015625000e+03 2.777608056243022929e+03 1.551668389002209159e+00
1.760472229003906250e+03 2.781027019781373838e+03 1.550598133720063165e+00
1.760493103027343750e+03 2.785604084140203213e+03 1.551460636171869023e+00
1.760513916015625000e+03 2.778753553837516847e+03 1.552741975585760992e+00
1.760534729003906250e+03 2.783162200594305432e+03 1.555940133004643178e+00
1.760555603027343750e+03 2.785342130334265676e+03 1.560836211346309899e+00
1.760576416015625000e+03 2.782245451205422796e+03 1.562229361937589101e+00
1.760597229003906250e+03 2.782747231434653258e+03 1.565128176013608430e+00
1.760618103027343750e+03 2.783455440327572887e+03 1.566160339687474368e+00
1.760638916015625000e+03 2.784558760836876900e+03 1.567846154864333652e+00
1.760659729003906250e+03 2.780444308965954406e+03 1.569229511671152100e+00
1.760680603027343750e+03 2.787884275795575832e+03 1.571036707953711975e+00
1.760701416015625000e+03 2.785750649594434890e+03 1.573201875744401512e+00
1.760722229003906250e+03 2.786012560910176035e+03 1.575627834585349385e+00
1.760743103027343750e+03 2.783848809827079094e+03 1.578981978890400262e+00
1.760763916015625000e+03 2.788725282042035360e+03 1.582958787821413971e+00
1.760784729003906250e+03 2.786002764908523659e+03 1.588025827505287424e+00
1.760805603027343750e+03 2.794793246748008642e+03 1.592221593070647145e+00
1.760826416015625000e+03 2.790881052007120161e+03 1.594675206924351718e+00
1.760847229003906250e+03 2.783081382704895077e+03 1.600114120943479712e+00
1.760868103027343750e+03 2.784244536156534195e+03 1.599665863194826620e+00
1.760888916015625000e+03 2.787362727243397330e+03 1.602190220329961834e+00
1.760909729003906250e+03 2.792338265619825506e+03 1.601518062812445020e+00
1.760930603027343750e+03 2.796784465238919438e+03 1.600946670854442200e+00
1.760951416015625000e+03 2.793976956363628688e+03 1.599765569678784916e+00
1.760972229003906250e+03 2.787216506414666583e+03 1.600339320084134043e+00
1.760993103027343750e+03 2.792857693111681328e+03 1.599718474415950276e+00
1.761013916015625000e+03 2.797393931548944238e+03 1.598789102584658339e+00
1.761034729003906250e+03 2.785963213778178670e+03 1.600408519805907037e+00
1.761055603027343750e+03 2.784864595972077495e+03 1.606407911798667598e+00
1.761076416015625000e+03 2.789929983422521673e+03 1.607770545938521423e+00
1.761097229003906250e+03 2.790574269397779517e+03 1.608896276882647802e+00
1.761118103027343750e+03 2.790851070119890210e+03 1.611256804766317163e+00
1.761138916015625000e+03 2.786294212367982254e+03 1.611698658272921580e+00
1.761159729003906250e+03 2.787107561895049457e+03 1.611488140137125713e+00
1.761180603027343750e+03 2.783752110549658482e+03 1.611223363071677905e+00
1.761201416015625000e+03 2.792014280462004081e+03 1.613521234798750426e+00
1.761222229003906250e+03 2.785414497597963418e+03 1.609805669844182052e+00
1.761243103027343750e+03 2.787125900826036286e+03 1.606176141606773244e+00
1.761263916015625000e+03 2.790726790433412589e+03 1.602885225743102771e+00
1.761284729003906250e+03 2.796217007813515920e+03 1.602409845753101747e+00
1.761305603027343750e+03 2.788022060637870709e+03 1.602524184879142055e+00
1.761326416015625000e+03 2.794959654419625622e+03 1.605084449828018123e+00
1.761347229003906250e+03 2.783826325235203967e+03 1.604047754347397436e+00
1.761368103027343750e+03 2.786201898367474314e+03 1.604615367542229887e+00
1.761388916015625000e+03 2.785453513180778828e+03 1.605296476082548107e+00
1.761409729003906250e+03 2.782642572778962403e+03 1.607210054960645618e+00
1.761430603027343750e+03 2.784622879062967513e+03 1.610045654407769922e+00
1.761451416015625000e+03 2.791574606019803923e+03 1.611973192967042001e+00
1.761472229003906250e+03 2.788168748868664807e+03 1.616903455179365956e+00
1.761493103027343750e+03 2.783407712772394461e+03 1.615033249055136011e+00
1.761513916015625000e+03 2.790351684591352750e+03 1.618189478267700876e+00
1.761534729003906250e+03 2.787139436437269978e+03 1.623617537853500714e+00
1.761555541992187500e+03 2.787723149152991937e+03 1.627138637851597069e+00
1.761576354980468750e+03 2.793230241217023831e+03 1.630623550268181621e+00
1.761597229003906250e+03 2.785306045044166694e+03 1.632634787493736139e+00
1.761618041992187500e+03 2.788057831142695250e+03 1.633338077045221270e+00
1.763305541992187500e+03 2.779088739698323479e+03 2.084083790718266549e+00
