1.518432556152343750e+03 6.196462316591962008e+03 2.593880156043454566e+00
1.518453430175781250e+03 6.207096307953995165e+03 2.595767236381411713e+00
1.518474243164062500e+03 6.213653845929961790e+03 2.582851908545248154e+00
1.518495056152343750e+03 6.221423391860628726e+03 2.581697705030767676e+00
1.518515930175781250e+03 6.232931310586350264e+03 2.581453521316013244e+00
1.518536743164062500e+03 6.238722950064809083e+03 2.584105519794588801e+00
1.518557556152343750e+03 6.242656113582685975e+03 2.579717895402681371e+00
1.518578430175781250e+03 6.243671504537865076e+03 2.580808410557039689e+00
1.518599243164062500e+03 6.241143947840362671e+03 2.579453189774869148e+00
1.518620056152343750e+03 6.245154166285038627e+03 2.579850700109829642e+00
1.518640930175781250e+03 6.246085038149977663e+03 2.577908501060044877e+00
1.518661743164062500e+03 6.246994722192817790e+03 2.579567430591277688e+00
1.518682556152343750e+03 6.244544606881690015e+03 2.581363008625443989e+00
1.518703430175781250e+03 6.246191147669195743e+03 2.579817984762331040e+00
1.518724243164062500e+03 6.241778641687946219e+03 2.580159627131052069e+00
1.518745056152343750e+03 6.247072808298277778e+03 2.577894905688630001e+00
1.518765930175781250e+03 6.245807433366245277e+03 2.580306546237983945e+00
1.518786743164062500e+03 6.241596950900375305e+03 2.577940685735166770e+00
1.518807556152343750e+03 6.247101594225290683e+03 2.583043810299727294e+00
1.518828430175781250e+03 6.245209388054706324e+03 2.578895315050611092e+00
1.518849243164062500e+03 6.246638447998638185e+03 2.577251401913629891e+00
1.518870056152343750e+03 6.246069327468234405e+03 2.579077712226431895e+00
1.518890930175781250e+03 6.243582314705271529e+03 2.578138594158051689e+00
1.518911743164062500e+03 6.241980135049266210e+03 2.580700876419002032e+00
1.518932556152343750e+03 6.247015831222302950e+03 2.580846563774819025e+00
1.518953430175781250e+03 6.241689470370681192e+03 2.578290899314275464e+00
1.518974243164062500e+03 6.247530985981125013e+03 2.578094944634231833e+00
1.518995056152343750e+03 6.250240110768982049e+03 2.585259939438928622e+00
1.519015930175781250e+03 6.248379047739048474e+03 2.583155400290892523e+00
1.519036743164062500e+03 6.240687793683979180e+03 2.577910628220513978e+00
1.519057556152343750e+03 6.241110305388984671e+03 2.577030666330204500e+00
1.519078430175781250e+03 6.245345596755601036e+03 2.580420472088736705e+00
1.519099243164062500e+03 6.242606381187196348e+03 2.586526855429621019e+00
1.519120056152343750e+03 6.245485099490707398e+03 2.576739314520410939e+00
1.519140930175781250e+03 6.247317917416004093e+03 2.578495068432772541e+00
1.519161743164062500e+03 6.246895766203961102e+03 2.578562936289562568e+00
1.519182556152343750e+03 6.247751742353912960e+03 2.582089883712807676e+00
1.519203430175781250e+03 6.250419744055553565e+03 2.578029653924658327e+00
1.519224243164062500e+03 6.246740840920453593e+03 2.580150386656024253e+00
1.519245056152343750e+03 6.246027936000582486e+03 2.579371665322043317e+00
1.519265930175781250e+03 6.246033884009384565e+03 2.580444587134734125e+00
1.519286743164062500e+03 6.247801398112175775e+03 2.578649756461276699e+00
1.519307556152343750e+03 6.246126229944128681e+03 2.577709187585309980e+00
1.519328430175781250e+03 6.241625610927295384e+03 2.578484342558972742e+00
1.519349243164062500e+03 6.244555670188917247e+03 2.576977468632648538e+00
1.519370056152343750e+03 6.244574915782047356e+03 2.584040842282675943e+00
1.519390930175781250e+03 6.241829831720592665e+03 2.579445148361752427e+00
1.519411743164062500e+03 6.247335396682517057e+03 2.582293290823399534e+00
1.519432556152343750e+03 6.239781285791650589e+03 2.580469625890377205e+00
1.519453430175781250e+03 6.243039810606667743e+03 2.579727414687089659e+00
1.519474243164062500e+03 6.243449168596387608e+03 2.577336508656042469e+00
1.519495056152343750e+03 6.246517636879610109e+03 2.577960477261153738e+00
1.519515930175781250e+03 6.242581863765198250e+03 2.586904569660998909e+00
1.519536743164062500e+03 6.245823910773709940e+03 2.578895315050611092e+00
1.519557556152343750e+03 6.243818678817699038e+03 2.577480073661259308e+00
1.519578430175781250e+03 6.248615535502622151e+03 2.578084494532657089e+00
1.519599243164062500e+03 6.239751465597504648e+03 2.577851806962469183e+00
1.519620056152343750e+03 6.244453661180717063e+03 2.578028451672292221e+00
1.519640930175781250e+03 6.244416017852954610e+03 2.584500561838647847e+00
1.519661743164062500e+03 6.246286945392876078e+03 2.578408982791101423e+00
1.519682556152343750e+03 6.244131919250106876e+03 2.577335583597863078e+00
1.519703430175781250e+03 6.244789638311128328e+03 2.579041936402527657e+00
1.519724304199218750e+03 6.242944770312967194e+03 2.577184702165272956e+00
1.519745117187500000e+03 6.240420818163330296e+03 2.579607727924589256e+00
1.519765930175781250e+03 6.245966653804002817e+03 2.580246670781705998e+00
1.519786804199218750e+03 6.241462402817221118e+03 2.577549725708696560e+00
1.519807617187500000e+03 6.245085303580202890e+03 2.578337412088920644e+00
1.519828430175781250e+03 6.245029967681109156e+03 2.579964830912925056e+00
1.519849304199218750e+03 6.243600587695220383e+03 2.578580134127631762e+00
1.519870117187500000e+03 6.242003516344641866e+03 2.577930697430715679e+00
1.519890930175781250e+03 6.244002985055134559e+03 2.579281356882697107e+00
1.519911804199218750e+03 6.243179137349074153e+03 2.577462683480618022e+00
1.519932617187500000e+03 6.242796108772956359e+03 2.577412084787678914e+00
1.519953430175781250e+03 6.240880232124281065e+03 2.577403111972441430e+00
1.519974304199218750e+03 6.241317262068124364e+03 2.578446154387451728e+00
1.519995117187500000e+03 6.242038955565275501e+03 2.577378783460556377e+00
1.520015930175781250e+03 6.237771603294560009e+03 2.579158506447285948e+00
1.520036804199218750e+03 6.242341873693482739e+03 2.588933217902036343e+00
1.520057617187500000e+03 6.245264017006665199e+03 2.578480736436207454e+00
1.520078430175781250e+03 6.247314701345932917e+03 2.578181503139114206e+00
1.520099304199218750e+03 6.249342769208353275e+03 2.577116705499273408e+00
1.520120117187500000e+03 6.252587259838356658e+03 2.582229121903513835e+00
1.520140930175781250e+03 6.243629140985035519e+03 2.578068495622515055e+00
1.520161804199218750e+03 6.244399264615826723e+03 2.582383863232525112e+00
1.520182617187500000e+03 6.243597821580906384e+03 2.578390581727942887e+00
1.520203430175781250e+03 6.242828871481657188e+03 2.580627706299478685e+00
1.520224304199218750e+03 6.245466131035405851e+03 2.576470879012446868e+00
1.520245117187500000e+03 6.245719379600748653e+03 2.579385715071373042e+00
1.520265930175781250e+03 6.241248404567062607e+03 2.578506718900313910e+00
1.520286804199218750e+03 6.241427551850350028e+03 2.578039641845714325e+00
1.520307617187500000e+03 6.241834571095047068e+03 2.577081920116615965e+00
1.520328430175781250e+03 6.242365309949357652e+03 2.577148715037641313e+00
1.520349304199218750e+03 6.242177999497582277e+03 2.578868134640753151e+00
1.520370117187500000e+03 6.246079818347663604e+03 2.580381850587724291e+00
1.520390930175781250e+03 6.244102732109353383e+03 2.581260947141917672e+00
1.520411804199218750e+03 6.241022735280262168e+03 2.578169111394646773e+00
1.520432617187500000e+03 6.242765883737505646e+03 2.577462868483157088e+00
1.520453430175781250e+03 6.241227150358224208e+03 2.577779018421897828e+00
1.520474304199218750e+03 6.243570950452853140e+03 2.581515308258636399e+00
1.520495117187500000e+03 6.238951394631922085e+03 2.577254084669061029e+00
1.520536804199218750e+03 6.240956675659978828e+03 2.582114721844786409e+00
1.520557617187500000e+03 6.239774111311649904e+03 2.580652004182879988e+00
1.520578430175781250e+03 6.242467740205075643e+03 2.577033256798741512e+00
1.520599304199218750e+03 6.241402320362623868e+03 2.577443813151866436e+00
1.520620117187500000e+03 6.244100324901981367e+03 2.576436547600867488e+00
1.520640930175781250e+03 6.242340707587884935e+03 2.577662663474633575e+00
1.520661804199218750e+03 6.238507659691186745e+03 2.584719644834816421e+00
1.520682617187500000e+03 6.240894297276301586e+03 2.577231882471072932e+00
1.520703430175781250e+03 6.239702280107326260e+03 2.579197885779373145e+00
1.520724304199218750e+03 6.240264797025436565e+03 2.579063938130761624e+00
1.520745117187500000e+03 6.242871011056374300e+03 2.578229682415452473e+00
1.520765930175781250e+03 6.242993182996134237e+03 2.578613512399984931e+00
1.520786804199218750e+03 6.241110158298607530e+03 2.585595145713621257e+00
1.520807617187500000e+03 6.241955762855644934e+03 2.577881310245515145e+00
1.520828430175781250e+03 6.240233511377968171e+03 2.576772901689930784e+00
1.520849304199218750e+03 6.242654858950908420e+03 2.578903912875720739e+00
1.520870117187500000e+03 6.237051827575697644e+03 2.577581359881600864e+00
1.520890930175781250e+03 6.240906792380725165e+03 2.577968338339127641e+00
1.520911804199218750e+03 6.240096880530081762e+03 2.576205284474653023e+00
1.520932617187500000e+03 6.239134589299615072e+03 2.581648112854882715e+00
1.520953430175781250e+03 6.240763497786700100e+03 2.576249336194467165e+00
1.520974304199218750e+03 6.241145297762525843e+03 2.576538337515570376e+00
1.520995117187500000e+03 6.240228768961409514e+03 2.576281263965953805e+00
1.521015930175781250e+03 6.241079057221568291e+03 2.576916960699135117e+00
1.521036804199218750e+03 6.243014936602208763e+03 2.582782030243177651e+00
1.521057617187500000e+03 6.240146591286231342e+03 2.578134525165879598e+00
1.521078430175781250e+03 6.241016109279379634e+03 2.577335583597863078e+00
1.521099304199218750e+03 6.236858830505245351e+03 2.575821188193890166e+00
1.521120178222656250e+03 6.241630829543526488e+03 2.577596159361352335e+00
1.521140991210937500e+03 6.234899216069729846e+03 2.578207211195143955e+00
1.521161804199218750e+03 6.240907855831868801e+03 2.583085530198959923e+00
1.521182678222656250e+03 6.241725562069894295e+03 2.580413080458630937e+00
1.521203491210937500e+03 6.240845161128636391e+03 2.576590526421442373e+00
1.521224304199218750e+03 6.239476082186000895e+03 2.576278487653705707e+00
1.521245178222656250e+03 6.240530324852741614e+03 2.578385311047466821e+00
1.521265991210937500e+03 6.239325818914391675e+03 2.576762908858798884e+00
1.521286804199218750e+03 6.238748993963777139e+03 2.584322422143142006e+00
1.521307678222656250e+03 6.236885390593873126e+03 2.576183073237839238e+00
1.521328491210937500e+03 6.238345897940268515e+03 2.575941791338795639e+00
1.521349304199218750e+03 6.235883022396561500e+03 2.576853768175411119e+00
1.521370178222656250e+03 6.239067253432318466e+03 2.583254618112018619e+00
1.521390991210937500e+03 6.239180059513079868e+03 2.579371018292270445e+00
1.521411804199218750e+03 6.243068013832023098e+03 2.577302466296321093e+00
1.521432678222656250e+03 6.241418580695408309e+03 2.582114906514017871e+00
1.521453491210937500e+03 6.238134686885523479e+03 2.587838387591889333e+00
1.521474304199218750e+03 6.240653156074553408e+03 2.577314862207622959e+00
1.521495178222656250e+03 6.242301257073204397e+03 2.580917880141563980e+00
1.521515991210937500e+03 6.239283900847315635e+03 2.577208754978113969e+00
1.521536804199218750e+03 6.235203404052868791e+03 2.580707805300063384e+00
1.521557678222656250e+03 6.236370250668777771e+03 2.577102643379844071e+00
1.521578491210937500e+03 6.239103891783523068e+03 2.576002137070711129e+00
1.521599304199218750e+03 6.238406462260173612e+03 2.578025862203753515e+00
1.521620178222656250e+03 6.237604967670311453e+03 2.582814246498435828e+00
1.521640991210937500e+03 6.239825459450645212e+03 2.577860130806926886e+00
1.521661804199218750e+03 6.237933871032503703e+03 2.575911525385720768e+00
1.521682678222656250e+03 6.237090740409083992e+03 2.575518868769920644e+00
1.521703491210937500e+03 6.236036014662900016e+03 2.576703783814966897e+00
1.521724304199218750e+03 6.239428150125739194e+03 2.576654002992107895e+00
1.521745178222656250e+03 6.239311737473557514e+03 2.576540928479097659e+00
1.521765991210937500e+03 6.239027984968747660e+03 2.578222746874525129e+00
1.521786804199218750e+03 6.246424871160423208e+03 2.576976265889399986e+00
1.521807678222656250e+03 6.239773446708625670e+03 2.577093114400037521e+00
1.521828491210937500e+03 6.236580236637185408e+03 2.579066526557037609e+00
1.521849304199218750e+03 6.237868495986647758e+03 2.578521513068947613e+00
1.521870178222656250e+03 6.236988627593189449e+03 2.577172305627915883e+00
1.521890991210937500e+03 6.236387108191224797e+03 2.577060919139675832e+00
1.521911804199218750e+03 6.238632291000199984e+03 2.576689441854964180e+00
1.521932678222656250e+03 6.234930676202877294e+03 2.585468076757830858e+00
1.521953491210937500e+03 6.236607039780838932e+03 2.579112748017442502e+00
1.521974304199218750e+03 6.237489124340129820e+03 2.576545277590589045e+00
1.521995178222656250e+03 6.237605658935552128e+03 2.575860711105151690e+00
1.522015991210937500e+03 6.241160822059083330e+03 2.579352161924739928e+00
1.522036804199218750e+03 6.241604192956746374e+03 2.576969882088915753e+00
1.522057678222656250e+03 6.241672674003209067e+03 2.582862616281822454e+00
1.522078491210937500e+03 6.236952165093487565e+03 2.577245018794653841e+00
1.522099304199218750e+03 6.238165445964637001e+03 2.577930419977261689e+00
1.522120178222656250e+03 6.237772345989093083e+03 2.577351772068070090e+00
1.522140991210937500e+03 6.240386026415002561e+03 2.577627145496879546e+00
1.522161804199218750e+03 6.234630612948181806e+03 2.581889415544663002e+00
1.522182678222656250e+03 6.239157098546997076e+03 2.575941050891587647e+00
1.522203491210937500e+03 6.236228513761156137e+03 2.581841489250735311e+00
1.522224304199218750e+03 6.235121088569272615e+03 2.578589934994791832e+00
1.522245178222656250e+03 6.233829112601965790e+03 2.578376526556063641e+00
1.522265991210937500e+03 6.238422868124959678e+03 2.578134525165879598e+00
1.522286804199218750e+03 6.239030522849131557e+03 2.575978998536929243e+00
1.522307678222656250e+03 6.236415860864570277e+03 2.575594220531772560e+00
1.522328491210937500e+03 6.236745449624825596e+03 2.577073316212837195e+00
1.522349304199218750e+03 6.233318419022049966e+03 2.575462584934540278e+00
1.522370178222656250e+03 6.234428142414401918e+03 2.574989770665266686e+00
1.522390991210937500e+03 6.236009353166282381e+03 2.574705873746302665e+00
1.522411804199218750e+03 6.235535775502573415e+03 2.576168265640240485e+00
1.522432678222656250e+03 6.235566063179525372e+03 2.576700915429352534e+00
1.522453491210937500e+03 6.239239726640778827e+03 2.575816652739055357e+00
1.522474304199218750e+03 6.236398641955041057e+03 2.577024467698492582e+00
1.522495178222656250e+03 6.239069380876167088e+03 2.575362696612654378e+00
1.522515991210937500e+03 6.237055283760380917e+03 2.575301873002670661e+00
1.522536804199218750e+03 6.234362260572554078e+03 2.575408243946159192e+00
1.522557678222656250e+03 6.237017663394872216e+03 2.576516869431829893e+00
1.522578491210937500e+03 6.236120059996514101e+03 2.575406577594495428e+00
1.522599304199218750e+03 6.236569964701384379e+03 2.574903938205288956e+00
1.522620178222656250e+03 6.233077013899297526e+03 2.578276843598989565e+00
1.522641052246093750e+03 6.238462333008707901e+03 2.576564987301710463e+00
1.522661865234375000e+03 6.236227329610916058e+03 2.575240862793965579e+00
1.522682678222656250e+03 6.237143842717910957e+03 2.578721318494546555e+00
1.522703552246093750e+03 6.235578344937111979e+03 2.579320179731297458e+00
1.522724365234375000e+03 6.238366968406235173e+03 2.575085599643146317e+00
1.522745178222656250e+03 6.237386907154496839e+03 2.575407225620270690e+00
1.522766052246093750e+03 6.234831841866890500e+03 2.576766054754260793e+00
1.522786865234375000e+03 6.236696041665524717e+03 2.574835047947616307e+00
1.522807678222656250e+03 6.236539004809886137e+03 2.576972750175147819e+00
1.522828552246093750e+03 6.236234777246652811e+03 2.575079674089983950e+00
1.522849365234375000e+03 6.237640037685006064e+03 2.578763478142652943e+00
1.522870178222656250e+03 6.233611947925711320e+03 2.576088210591787941e+00
1.522891052246093750e+03 6.233729162356465167e+03 2.574512702239338147e+00
1.522911865234375000e+03 6.235171640689756714e+03 2.575324091839517049e+00
1.522932678222656250e+03 6.234744495219891178e+03 2.587486701968017666e+00
1.522953552246093750e+03 6.240006324539736852e+03 2.577427162747059519e+00
1.522974365234375000e+03 6.231426402183192295e+03 2.575969650510335995e+00
1.522995178222656250e+03 6.236988372872583568e+03 2.580086718883539465e+00
1.523016052246093750e+03 6.237773567112920318e+03 2.578968256979486728e+00
1.523036865234375000e+03 6.233866429800305013e+03 2.577505603713891702e+00
1.523057678222656250e+03 6.236412971480963279e+03 2.576510947170353560e+00
1.523078552246093750e+03 6.235497572772632338e+03 2.586704751140719960e+00
1.523099365234375000e+03 6.236171513324386979e+03 2.580608859114498443e+00
1.523120178222656250e+03 6.237602732060811832e+03 2.578970198371461464e+00
1.523141052246093750e+03 6.231513971441925605e+03 2.575464991834254924e+00
1.523161865234375000e+03 6.238837874313898283e+03 2.578062022046844426e+00
1.523182678222656250e+03 6.236104873875607154e+03 2.576298754664317237e+00
1.523203552246093750e+03 6.238278519722651254e+03 2.576886151067832031e+00
1.523224365234375000e+03 6.235091163759278061e+03 2.574768563397459076e+00
1.523245178222656250e+03 6.232802593481764234e+03 2.574655313476996721e+00
1.523266052246093750e+03 6.239415055172824395e+03 2.582057196736357696e+00
1.523286865234375000e+03 6.237665376059409027e+03 2.577003003664527281e+00
1.523307678222656250e+03 6.238646571922324256e+03 2.578786129423328521e+00
1.523328552246093750e+03 6.235942630786204063e+03 2.575092543633406450e+00
1.523349365234375000e+03 6.233894865597945682e+03 2.581814247511773353e+00
1.523370178222656250e+03 6.233519752430194785e+03 2.576865241018131414e+00
1.523391052246093750e+03 6.237252711227783948e+03 2.575478322315021718e+00
1.523411865234375000e+03 6.237617327536629091e+03 2.575704374545908948e+00
1.523432678222656250e+03 6.234755108008419484e+03 2.577037605079360194e+00
1.523453552246093750e+03 6.239593030908708897e+03 2.575907267761344155e+00
1.523474365234375000e+03 6.234962329360755575e+03 2.576062203734324818e+00
1.523495178222656250e+03 6.237278338961532427e+03 2.578329552136216840e+00
1.523516052246093750e+03 6.236228823386858494e+03 2.585441334309861894e+00
1.523536865234375000e+03 6.237786699717258671e+03 2.579106369505175689e+00
1.523557678222656250e+03 6.231618459916891879e+03 2.574766155846721194e+00
1.523578552246093750e+03 6.234451339391087458e+03 2.575628007768088867e+00
1.523599365234375000e+03 6.234077677201969891e+03 2.575681233337188569e+00
1.523620178222656250e+03 6.237004936749633089e+03 2.579820849682217254e+00
1.523661865234375000e+03 6.228119289580581608e+03 2.574344614566892009e+00
1.523682678222656250e+03 6.231651660089150937e+03 2.577326518010132350e+00
1.523703552246093750e+03 6.232616717131917540e+03 2.574368693915207729e+00
1.523724365234375000e+03 6.231417922992773128e+03 2.574499088935446434e+00
1.523745178222656250e+03 6.230913704794338628e+03 2.575236048573330550e+00
1.523766052246093750e+03 6.226096048422804415e+03 2.576901879754462055e+00
1.523786865234375000e+03 6.230771011380992604e+03 2.581031594261521622e+00
1.523807678222656250e+03 6.229295314696734749e+03 2.574697261902454848e+00
1.523828552246093750e+03 6.229321992182936810e+03 2.581153431857130531e+00
1.523849365234375000e+03 6.232101151099059280e+03 2.575316222690057444e+00
1.523870178222656250e+03 6.234648714656686025e+03 2.586577921046317119e+00
1.523891052246093750e+03 6.231395343085063359e+03 2.574481956443892994e+00
1.523911865234375000e+03 6.230923868103402128e+03 2.575253453790000258e+00
1.523932678222656250e+03 6.229470998294920719e+03 2.574866993255959358e+00
1.523953552246093750e+03 6.233654123710995918e+03 2.576224071329635379e+00
1.523974365234375000e+03 6.235464538631776122e+03 2.582518838848815168e+00
1.523995178222656250e+03 6.231409555188055492e+03 2.577882327594080536e+00
1.524016052246093750e+03 6.233108402555305474e+03 2.579598208198510711e+00
1.524036865234375000e+03 6.228330757822264786e+03 2.574263113562858418e+00
1.524057678222656250e+03 6.229718396625316018e+03 2.575485265246428401e+00
1.524078552246093750e+03 6.235720221526567911e+03 2.577237803075904665e+00
1.524099365234375000e+03 6.234707357743293869e+03 2.577199226390646025e+00
1.524120178222656250e+03 6.230595573092396080e+03 2.575814246167940968e+00
1.524141052246093750e+03 6.231756233610214622e+03 2.585361474180922770e+00
1.524161865234375000e+03 6.234722108657320859e+03 2.577963159278686245e+00
1.524182678222656250e+03 6.229072082668983057e+03 2.574255982102238605e+00
1.524203552246093750e+03 6.232789318839697444e+03 2.578565802603872914e+00
1.524224365234375000e+03 6.225489908184005799e+03 2.576358074085067784e+00
1.524245178222656250e+03 6.233383375413882277e+03 2.575676234808800036e+00
1.524266052246093750e+03 6.233506648770694483e+03 2.575278080119000723e+00
1.524286865234375000e+03 6.226879487965394219e+03 2.581682190262495347e+00
1.524307678222656250e+03 6.231435969422197559e+03 2.574674852453356255e+00
1.524328552246093750e+03 6.232669730353500199e+03 2.587069998131464210e+00
1.524349365234375000e+03 6.229909159903128966e+03 2.574813102680058474e+00
1.524370178222656250e+03 6.232521142983369828e+03 2.575338163670371383e+00
1.524391052246093750e+03 6.230325899070263404e+03 2.574843844521339964e+00
1.524411926269531250e+03 6.230119174154083339e+03 2.574560672355508562e+00
1.524432739257812500e+03 6.234762496093906520e+03 2.577164904681664037e+00
1.524453552246093750e+03 6.231181024968544079e+03 2.585352436736131132e+00
1.524474426269531250e+03 6.232089986073060572e+03 2.574771433935781229e+00
1.524495239257812500e+03 6.232654445627966197e+03 2.575091340009769691e+00
1.524516052246093750e+03 6.232179614016313280e+03 2.575726497347057720e+00
1.524536926269531250e+03 6.226398477982759687e+03 2.577727316037273564e+00
1.524557739257812500e+03 6.232855960808613418e+03 2.575777777084309328e+00
1.524578552246093750e+03 6.229331687818094906e+03 2.575557748332647723e+00
1.524599426269531250e+03 6.229151398809916827e+03 2.584576112978075102e+00
1.524620239257812500e+03 6.231006763776882508e+03 2.578951339073279669e+00
1.524641052246093750e+03 6.228663313855590786e+03 2.577185904811246431e+00
1.524661926269531250e+03 6.229441903017978802e+03 2.576213798731324722e+00
1.524682739257812500e+03 6.228375759704144002e+03 2.577335583597863078e+00
1.524703552246093750e+03 6.226672216445886079e+03 2.579404571193617990e+00
1.524724426269531250e+03 6.229378059989829126e+03 2.574905419695962205e+00
1.524745239257812500e+03 6.231550875119128250e+03 2.576395737969364941e+00
1.524766052246093750e+03 6.233860398237512527e+03 2.578557481037395238e+00
1.524786926269531250e+03 6.230521734747192568e+03 2.580907349092250502e+00
1.524807739257812500e+03 6.231662874104909861e+03 2.582924831045381175e+00
1.524828552246093750e+03 6.229238259365232807e+03 2.575093469497359511e+00
1.524849426269531250e+03 6.229401534616435129e+03 2.576014539239262380e+00
1.524870239257812500e+03 6.227953960903203551e+03 2.575023658421542461e+00
1.524891052246093750e+03 6.224398385785286337e+03 2.576404806832228722e+00
1.524911926269531250e+03 6.229225311179976416e+03 2.577157781250824176e+00
1.524932739257812500e+03 6.227400925733803888e+03 2.575170963130286150e+00
1.524953552246093750e+03 6.225368811497858587e+03 2.574212544597272334e+00
1.524974426269531250e+03 6.232199762185080544e+03 2.580035894425156240e+00
1.524995239257812500e+03 6.227371830015766136e+03 2.574807639483108090e+00
1.525016052246093750e+03 6.234866595815521578e+03 2.575352698309673727e+00
1.525036926269531250e+03 6.229412625412778652e+03 2.575245862167407029e+00
1.525057739257812500e+03 6.232193926430628380e+03 2.574945882580403467e+00
1.525078552246093750e+03 6.230478383534126806e+03 2.577395434177901734e+00
1.525099426269531250e+03 6.227242518262942212e+03 2.575194108924396375e+00
1.525120239257812500e+03 6.229287896962062405e+03 2.577248071592658452e+00
1.525141052246093750e+03 6.227651731578090221e+03 2.578395574994244654e+00
1.525161926269531250e+03 6.227686662386736316e+03 2.582222474096916631e+00
1.525182739257812500e+03 6.228296118561718686e+03 2.575080137024315707e+00
1.525203552246093750e+03 6.228223543945279744e+03 2.577349644446361054e+00
1.525224426269531250e+03 6.227510945959278615e+03 2.576156604597226618e+00
1.525245239257812500e+03 6.225156197806219097e+03 2.575069674688102772e+00
1.525266052246093750e+03 6.230097725420648203e+03 2.576240081693981221e+00
1.525286926269531250e+03 6.226538115768973512e+03 2.577759502974585448e+00
1.525307739257812500e+03 6.232892880283490740e+03 2.576875418497144743e+00
1.525328552246093750e+03 6.230941801352642869e+03 2.577515871163759353e+00
1.525349426269531250e+03 6.229083570912214782e+03 2.577035384681662933e+00
1.525370239257812500e+03 6.230653687406303106e+03 2.575714556611880202e+00
1.525391052246093750e+03 6.222505843924074725e+03 2.573553760637772747e+00
1.525411926269531250e+03 6.229309671599240573e+03 2.580286957507062606e+00
1.525432739257812500e+03 6.224770753077952577e+03 2.574836529477927183e+00
1.525453552246093750e+03 6.227812375699250879e+03 2.575296410842590866e+00
1.525474426269531250e+03 6.231795628104434400e+03 2.576107738700068595e+00
1.525495239257812500e+03 6.226480333021313527e+03 2.575067730355450113e+00
1.525516052246093750e+03 6.229009336299413917e+03 2.574123166615050806e+00
1.525536926269531250e+03 6.226072614262212483e+03 2.575502391063873908e+00
1.525557739257812500e+03 6.227772691094695801e+03 2.577004206395296482e+00
1.525578552246093750e+03 6.227987009884663166e+03 2.575147169037083739e+00
1.525599426269531250e+03 6.230300768036951922e+03 2.574332019125746829e+00
1.525620239257812500e+03 6.227171098264772809e+03 2.578822093701055085e+00
1.525641052246093750e+03 6.225681282258810825e+03 2.574996992683506125e+00
1.525661926269531250e+03 6.228881734304854945e+03 2.574956900967392937e+00
1.525682739257812500e+03 6.230363298738391677e+03 2.575537475491026740e+00
1.525703552246093750e+03 6.226818220077084334e+03 2.583298641915319216e+00
1.525724426269531250e+03 6.229541496977498355e+03 2.576967199037615064e+00
1.525745239257812500e+03 6.228365457905598305e+03 2.574855048534883117e+00
1.525766052246093750e+03 6.228761139622670271e+03 2.580265520612239349e+00
1.525786926269531250e+03 6.226148782115772519e+03 2.582510253058702077e+00
1.525807739257812500e+03 6.228284639196941498e+03 2.574878474951119323e+00
1.525828552246093750e+03 6.225872255345593658e+03 2.578570887992388538e+00
1.525849426269531250e+03 6.228221487903001616e+03 2.575518405914448472e+00
1.525870239257812500e+03 6.225986989371933305e+03 2.574067593247965746e+00
1.525891052246093750e+03 6.226231702220521584e+03 2.587125107885689168e+00
1.525911926269531250e+03 6.227152821073279483e+03 2.575048657300164301e+00
1.525932739257812500e+03 6.230131980624709286e+03 2.574703929138919101e+00
1.525953552246093750e+03 6.226370982396793806e+03 2.576707855066485475e+00
1.525974426269531250e+03 6.226103619013222669e+03 2.576783449636305789e+00
1.525995239257812500e+03 6.225719760982111438e+03 2.574280247510866815e+00
1.526016052246093750e+03 6.231806927046913188e+03 2.582957507042036749e+00
1.526036926269531250e+03 6.227337504628624629e+03 2.574112144659294277e+00
1.526057739257812500e+03 6.225797889270188534e+03 2.574751154902949590e+00
1.526078552246093750e+03 6.224722402432235867e+03 2.578554152403284672e+00
1.526099426269531250e+03 6.225739936990889873e+03 2.574452599423035615e+00
1.526120239257812500e+03 6.220418128534774951e+03 2.573369767502647676e+00
1.526141052246093750e+03 6.229613985582053829e+03 2.578405376562939111e+00
1.526161926269531250e+03 6.230482286390069930e+03 2.580572365399339763e+00
1.526182739257812500e+03 6.221132420839143379e+03 2.578573014606430291e+00
1.526203552246093750e+03 6.222642194917385496e+03 2.573392188316603324e+00
1.526224426269531250e+03 6.226599914429607452e+03 2.575709558148160383e+00
1.526245239257812500e+03 6.227607275422717066e+03 2.574956623193510374e+00
1.526266052246093750e+03 6.225045940707550471e+03 2.575500261914390521e+00
1.526286926269531250e+03 6.225532334531146262e+03 2.574380640892892647e+00
1.526307739257812500e+03 6.227528501256886557e+03 2.574919030851629209e+00
1.526328552246093750e+03 6.225381297750719568e+03 2.577446680710725690e+00
1.526349426269531250e+03 6.224494677766621862e+03 2.579235508194662074e+00
1.526370239257812500e+03 6.223513684043243302e+03 2.576137261957104574e+00
1.526391052246093750e+03 6.228224878725788585e+03 2.574785693981944235e+00
1.526411926269531250e+03 6.227709997169045891e+03 2.578282576860530639e+00
1.526432739257812500e+03 6.222637138619234065e+03 2.577382576133412151e+00
1.526453552246093750e+03 6.226473951011097597e+03 2.577346591768666872e+00
1.526474426269531250e+03 6.229522462349356829e+03 2.585323110932392421e+00
1.526495239257812500e+03 6.223185843025198665e+03 2.575955859795305170e+00
1.526516052246093750e+03 6.223164331407922873e+03 2.575631155049727283e+00
1.526536926269531250e+03 6.227481978614836407e+03 2.575148557803428773e+00
1.526557739257812500e+03 6.226237405811057215e+03 2.577449825771612968e+00
1.526578552246093750e+03 6.225582768411445613e+03 2.583562399850190872e+00
1.526599426269531250e+03 6.225437704154860512e+03 2.576249798918618605e+00
1.526620300292968750e+03 6.223389164500540573e+03 2.581156941877005284e+00
1.526641113281250000e+03 6.222076663958312565e+03 2.576491607190407152e+00
1.526661926269531250e+03 6.232156661496412198e+03 2.577464070999337942e+00
1.526682800292968750e+03 6.227798476772756658e+03 2.578347398817792957e+00
1.526703613281250000e+03 6.224375352640329766e+03 2.575570800625687440e+00
1.526724426269531250e+03 6.220039620120899599e+03 2.574585675729662793e+00
1.526745300292968750e+03 6.220469870478715166e+03 2.583179489805207840e+00
1.526786926269531250e+03 6.229339270855693940e+03 2.575937533764443899e+00
1.526807800292968750e+03 6.223085180787861646e+03 2.576246282212981686e+00
1.526828613281250000e+03 6.223974221874213981e+03 2.575249195077642828e+00
1.526849426269531250e+03 6.222818100559883533e+03 2.576238138244655751e+00
1.526870300292968750e+03 6.223513161459286493e+03 2.576468010367539030e+00
1.526891113281250000e+03 6.222676894332937081e+03 2.576778175668515303e+00
1.526911926269531250e+03 6.225868667527374782e+03 2.579534249516274524e+00
1.526932800292968750e+03 6.227538302747708258e+03 2.577553703126043150e+00
1.526953613281250000e+03 6.226532672775875653e+03 2.575720573268307056e+00
1.526974426269531250e+03 6.227606825216891593e+03 2.576124675280746512e+00
1.526995300292968750e+03 6.229543039491990385e+03 2.580101226772520739e+00
1.527016113281250000e+03 6.227560097540611423e+03 2.575090877077451879e+00
1.527036926269531250e+03 6.225826489608067277e+03 2.574697724905544938e+00
1.527057800292968750e+03 6.223755005546991015e+03 2.575373435487435358e+00
1.527078613281250000e+03 6.227884916367976984e+03 2.580244545547076385e+00
1.527099426269531250e+03 6.227751882910774839e+03 2.575960672670682516e+00
1.527120300292968750e+03 6.228744636133388667e+03 2.576427941541886923e+00
1.527141113281250000e+03 6.227051834985060850e+03 2.579761240209651252e+00
1.527161926269531250e+03 6.224805865722511044e+03 2.576275156075058970e+00
1.527182800292968750e+03 6.222786712360833917e+03 2.577004391430749664e+00
1.527203613281250000e+03 6.223841050677212479e+03 2.577008924795201494e+00
1.527224426269531250e+03 6.224936981442526303e+03 2.574075466214583052e+00
1.527245300292968750e+03 6.222458038321032291e+03 2.574279784432690121e+00
1.527266113281250000e+03 6.226653270021154640e+03 2.578959012235749526e+00
1.527286926269531250e+03 6.226770319131137512e+03 2.576484944579963354e+00
1.527307800292968750e+03 6.223863582461210171e+03 2.580033769016905509e+00
1.527328613281250000e+03 6.224266546671215110e+03 2.575756765474270349e+00
1.527349426269531250e+03 6.227047966477115551e+03 2.574450006357784204e+00
1.527370300292968750e+03 6.227605762001640869e+03 2.576114679935123775e+00
1.527391113281250000e+03 6.227269290284967610e+03 2.577539458393685923e+00
1.527411926269531250e+03 6.227022486976140499e+03 2.576991808989670396e+00
1.527432800292968750e+03 6.225483663524430085e+03 2.578090690615693958e+00
1.527453613281250000e+03 6.226209736795847675e+03 2.577328460638758756e+00
1.527474426269531250e+03 6.227597207309689111e+03 2.580116289016805897e+00
1.527495300292968750e+03 6.222363841839724046e+03 2.582462338286506842e+00
1.527516113281250000e+03 6.226875640856678729e+03 2.576033605143119853e+00
1.527536926269531250e+03 6.228025244407957871e+03 2.579671130252612077e+00
1.527557800292968750e+03 6.224924858474578286e+03 2.578165967211204279e+00
1.527578613281250000e+03 6.224615226902592440e+03 2.574650775968379879e+00
1.527599426269531250e+03 6.222333312506498260e+03 2.576488275887339086e+00
1.527620300292968750e+03 6.223751385908838529e+03 2.576235732067268636e+00
1.527641113281250000e+03 6.225034740931619126e+03 2.575354827581154193e+00
1.527661926269531250e+03 6.222893163199788432e+03 2.575785644823698206e+00
1.527682800292968750e+03 6.224491051577224425e+03 2.576485869943555329e+00
1.527703613281250000e+03 6.225672142323062872e+03 2.578975190515542248e+00
1.527724426269531250e+03 6.224684298435117853e+03 2.577109859477030529e+00
1.527745300292968750e+03 6.225712561313120204e+03 2.577607906387914039e+00
1.527766113281250000e+03 6.226961102375181326e+03 2.580855801757260259e+00
1.527786926269531250e+03 6.228875026750558391e+03 2.575304742946544767e+00
1.527807800292968750e+03 6.224456411803740593e+03 2.580975061141690396e+00
1.527828613281250000e+03 6.222789233742752003e+03 2.584620759988092598e+00
1.527849426269531250e+03 6.225025350735477332e+03 2.582873139359000092e+00
1.527870300292968750e+03 6.221941424374720555e+03 2.577293400592100880e+00
1.527891113281250000e+03 6.222676742771644058e+03 2.584300741953153402e+00
1.527911926269531250e+03 6.225716234391354192e+03 2.575025047254499544e+00
1.527932800292968750e+03 6.224250973915127361e+03 2.575867375330206599e+00
1.527953613281250000e+03 6.223188583790904886e+03 2.575882184657489304e+00
1.527974426269531250e+03 6.227350301571973432e+03 2.579011244602546604e+00
1.527995300292968750e+03 6.224134870498945929e+03 2.576108941848818112e+00
1.528016113281250000e+03 6.224262830679213948e+03 2.575580335237660279e+00
1.528036926269531250e+03 6.224150089907090660e+03 2.576184739087242992e+00
1.528057800292968750e+03 6.223051621903059640e+03 2.575025047254499544e+00
1.528078613281250000e+03 6.226229385801744684e+03 2.577447420725397453e+00
1.528099426269531250e+03 6.228813650065131696e+03 2.581121933833598447e+00
1.528120300292968750e+03 6.219124925890039776e+03 2.580233826945745435e+00
1.528141113281250000e+03 6.227232673247596722e+03 2.577453155831898268e+00
1.528161926269531250e+03 6.224543320131125256e+03 2.583633179849651018e+00
1.528182800292968750e+03 6.226641680185284713e+03 2.575480451482643041e+00
1.528203613281250000e+03 6.225103319818399541e+03 2.576813242725308761e+00
1.528224426269531250e+03 6.224960000384700834e+03 2.576750047657992759e+00
1.528245300292968750e+03 6.226016112257789246e+03 2.577330588277955581e+00
1.535787048339843750e+03 6.238658193261474480e+03 2.582382201382067421e+00
1.535807861328125000e+03 6.237549175391456629e+03 2.581567027133379710e+00
1.535828674316406250e+03 6.241528905975314046e+03 2.581116945841538612e+00
1.535849548339843750e+03 6.235650592128798962e+03 2.580668910940159044e+00
1.535870361328125000e+03 6.239664502244334471e+03 2.580880189872028385e+00
1.535891174316406250e+03 6.235130858450969754e+03 2.580723972616861595e+00
1.535912048339843750e+03 6.232799956114787165e+03 2.579576211027174715e+00
1.535932861328125000e+03 6.243159026529082439e+03 2.582946061259738801e+00
1.535953674316406250e+03 6.242717746450218328e+03 2.584703963721595166e+00
1.535974548339843750e+03 6.240908771910936593e+03 2.589072916842162897e+00
1.535995361328125000e+03 6.244807133254595101e+03 2.584956879246908645e+00
1.536016174316406250e+03 6.242118072234524334e+03 2.580325395631114294e+00
1.536037048339843750e+03 6.240074058111724298e+03 2.582333083985628885e+00
1.536057861328125000e+03 6.242157801966965962e+03 2.583924492497500669e+00
1.536078674316406250e+03 6.244650877870773911e+03 2.583713093398534166e+00
1.536099548339843750e+03 6.232170416629819556e+03 2.586646314209902542e+00
1.536120361328125000e+03 6.243457526458566463e+03 2.581251618243950219e+00
1.536141174316406250e+03 6.247774382023161706e+03 2.582029126234234528e+00
1.536162048339843750e+03 6.246267636074923757e+03 2.580934046142425053e+00
1.536182861328125000e+03 6.248676471981392751e+03 2.585280136040467802e+00
1.536203674316406250e+03 6.247995499818885946e+03 2.581983788035325134e+00
1.536224548339843750e+03 6.247143584496834592e+03 2.583412620394178294e+00
1.536245361328125000e+03 6.246045528362296864e+03 2.580722309697521144e+00
1.536266174316406250e+03 6.241946739172303751e+03 2.580932660489176023e+00
1.536287048339843750e+03 6.240761355520057805e+03 2.582234846389924954e+00
1.536307861328125000e+03 6.240948691784436051e+03 2.581648112854882715e+00
1.536328674316406250e+03 6.244202298945398070e+03 2.588970422575064045e+00
1.536349548339843750e+03 6.243452829674312852e+03 2.580930258688448831e+00
1.536370361328125000e+03 6.242204463308185041e+03 2.583015473612221058e+00
1.536391174316406250e+03 6.245362171329767079e+03 2.580522566813642893e+00
1.536412048339843750e+03 6.243262749275426359e+03 2.581969013704838112e+00
1.536432861328125000e+03 6.242939589372433147e+03 2.581444747265533746e+00
1.536453674316406250e+03 6.246230755539545498e+03 2.581238964140348369e+00
1.536474548339843750e+03 6.246061869663689322e+03 2.582442027324796996e+00
1.536495361328125000e+03 6.238518741870916529e+03 2.580974599264696412e+00
1.536516174316406250e+03 6.243833720761412224e+03 2.579911231650383829e+00
1.536537048339843750e+03 6.247453449753617861e+03 2.581040646835627950e+00
1.536578674316406250e+03 6.248249501013963709e+03 2.581666952452901231e+00
1.536599548339843750e+03 6.251821965200379964e+03 2.582371953280613752e+00
1.536620361328125000e+03 6.248713321971729783e+03 2.583082668899959522e+00
1.536641174316406250e+03 6.246281254712521331e+03 2.584867503830635460e+00
1.536662048339843750e+03 6.249819466162674871e+03 2.581839827051168434e+00
1.536682861328125000e+03 6.254501619051062335e+03 2.581287178713929986e+00
1.536703674316406250e+03 6.252506684674758617e+03 2.582916985052435610e+00
1.536724548339843750e+03 6.245703978739591548e+03 2.584504620808260267e+00
1.536745361328125000e+03 6.248073100056856674e+03 2.579611794592981511e+00
1.536766174316406250e+03 6.247856008569699043e+03 2.583790513059206262e+00
1.536787048339843750e+03 6.252028072442549274e+03 2.591141917674621986e+00
1.536807861328125000e+03 6.253719873405092585e+03 2.580155653730845877e+00
1.536828674316406250e+03 6.250436264425103218e+03 2.588367254162251552e+00
1.536849548339843750e+03 6.250405070960247031e+03 2.580264319401656792e+00
1.536870361328125000e+03 6.252631975529709962e+03 2.581132648746911062e+00
1.536891174316406250e+03 6.244991815602651513e+03 2.583751665104669470e+00
1.536912048339843750e+03 6.249007465508287169e+03 2.579351699757138405e+00
1.536932861328125000e+03 6.250940677161764143e+03 2.580551854780992915e+00
1.536953674316406250e+03 6.249720865984637385e+03 2.586301564753034299e+00
1.536974548339843750e+03 6.246699325806641355e+03 2.580382589760633838e+00
1.536995361328125000e+03 6.250329279793107162e+03 2.579808003726263177e+00
1.537016174316406250e+03 6.248137535012801891e+03 2.579295407123948003e+00
1.537037048339843750e+03 6.249525614809295803e+03 2.580580033741808776e+00
1.537057861328125000e+03 6.253381830050633653e+03 2.580846563774819025e+00
1.537078674316406250e+03 6.251272941937732867e+03 2.579901897871859529e+00
1.537099548339843750e+03 6.249131778175542422e+03 2.579257046087116922e+00
1.537120361328125000e+03 6.251375608728641964e+03 2.581616620866900025e+00
1.537141174316406250e+03 6.250665332073539503e+03 2.579316389907528428e+00
1.537162048339843750e+03 6.249684405643449281e+03 2.578960861187148179e+00
1.537182861328125000e+03 6.249396296733946656e+03 2.581692718151133992e+00
1.537203674316406250e+03 6.248206786278274194e+03 2.578864344152672405e+00
1.537224548339843750e+03 6.247652513070262103e+03 2.578698851558438143e+00
1.537245361328125000e+03 6.248367930949878428e+03 2.581803073698426321e+00
1.537266174316406250e+03 6.255846584481974787e+03 2.579464188908536126e+00
1.537287048339843750e+03 6.252086871235625949e+03 2.580525892908685393e+00
1.537307861328125000e+03 6.251478837915547047e+03 2.579443946769133689e+00
1.537328674316406250e+03 6.252564611179012900e+03 2.579025018979643313e+00
1.537349548339843750e+03 6.252890932743982376e+03 2.586664933059871885e+00
1.537370361328125000e+03 6.255145540437034470e+03 2.581929214931491412e+00
1.537391174316406250e+03 6.252497074743031590e+03 2.580165633422074389e+00
1.537412048339843750e+03 6.249069123618432968e+03 2.579384790748110667e+00
1.537432861328125000e+03 6.247169549287214977e+03 2.580114163674780858e+00
1.537453674316406250e+03 6.246695308799695340e+03 2.582251742783873372e+00
1.537474548339843750e+03 6.248315929799619880e+03 2.581194166267739121e+00
1.537495361328125000e+03 6.245477506923329202e+03 2.581680343260061683e+00
1.537516174316406250e+03 6.250290809622951201e+03 2.579430821644081551e+00
1.537537048339843750e+03 6.245297827134067120e+03 2.577960477261153738e+00
1.537557861328125000e+03 6.247594917931067357e+03 2.577924500963132637e+00
1.537578674316406250e+03 6.248647740543190594e+03 2.577699938326006635e+00
1.537599548339843750e+03 6.249959401903523940e+03 2.583940731957354853e+00
1.537620361328125000e+03 6.249692792724750689e+03 2.577963806661810242e+00
1.537641174316406250e+03 6.250063997568242485e+03 2.580096514027721000e+00
1.537662048339843750e+03 6.251151215857798888e+03 2.578732505661336383e+00
1.537682861328125000e+03 6.249410203244498007e+03 2.578195096999239322e+00
1.537703674316406250e+03 6.246597958151468447e+03 2.577801678353073278e+00
1.537724548339843750e+03 6.247218234411998310e+03 2.580432853021728423e+00
1.537745361328125000e+03 6.247836109639371898e+03 2.582823292824498740e+00
1.537766174316406250e+03 6.248688350821966196e+03 2.579543122491787077e+00
1.537787048339843750e+03 6.251040605189262351e+03 2.579201675777269553e+00
1.537807861328125000e+03 6.245142132761607172e+03 2.577866327429237714e+00
1.537828674316406250e+03 6.242755166897103663e+03 2.580543077664775975e+00
1.537849548339843750e+03 6.249114735936415855e+03 2.579811792827836125e+00
1.537870361328125000e+03 6.248096149499676358e+03 2.577643424630768454e+00
1.537891174316406250e+03 6.251733723115830799e+03 2.577847737517619198e+00
1.537912048339843750e+03 6.245583571593963825e+03 2.579195759680553923e+00
1.537932861328125000e+03 6.243761700528762958e+03 2.577943830193373476e+00
1.537953674316406250e+03 6.242791415410167247e+03 2.576327350312222375e+00
1.537974548339843750e+03 6.246517811740807701e+03 2.577254547212818547e+00
1.537995361328125000e+03 6.243204082882259172e+03 2.577264353120944484e+00
1.538016174316406250e+03 6.245878050411253753e+03 2.583117742669012618e+00
1.538037048339843750e+03 6.247552922719875824e+03 2.578029376481854040e+00
1.538057861328125000e+03 6.243612020801294420e+03 2.582705503487170873e+00
1.538078674316406250e+03 6.244899706530259209e+03 2.583771504394335228e+00
1.538099548339843750e+03 6.247576882183173439e+03 2.576846366314289760e+00
1.538120361328125000e+03 6.246896469184551279e+03 2.582666362267461491e+00
1.538141174316406250e+03 6.249168303561859830e+03 2.578469548177070081e+00
1.538162048339843750e+03 6.246603167826255230e+03 2.578656413478382259e+00
1.538182861328125000e+03 6.245291846514583085e+03 2.585324494232496662e+00
1.538203674316406250e+03 6.248680528486042022e+03 2.578126202207343010e+00
1.538224548339843750e+03 6.244162465188782335e+03 2.577280264515120933e+00
1.538245361328125000e+03 6.247544497340926682e+03 2.582148793094417361e+00
1.538266174316406250e+03 6.246229594770804397e+03 2.582142145081010920e+00
1.538287048339843750e+03 6.248367681139620800e+03 2.578900584688756048e+00
1.538307861328125000e+03 6.244643572422160105e+03 2.577054258001107989e+00
1.538328674316406250e+03 6.247523745101801978e+03 2.578070622650973309e+00
1.538349548339843750e+03 6.246736144868454176e+03 2.579088435632534981e+00
1.538370361328125000e+03 6.241260487191993889e+03 2.577330865795982362e+00
1.538391174316406250e+03 6.246910552413560254e+03 2.582562228964365048e+00
1.538412048339843750e+03 6.246221098747576434e+03 2.578168649014969116e+00
1.538432861328125000e+03 6.246759743444161359e+03 2.577421150074445055e+00
1.538453674316406250e+03 6.244433898129269437e+03 2.578912048425774817e+00
1.538474548339843750e+03 6.248887256365260328e+03 2.580314862163691991e+00
1.538495361328125000e+03 6.240012505152797530e+03 2.579917238519694234e+00
1.538516174316406250e+03 6.246224651441274546e+03 2.578688126532259872e+00
1.538537048339843750e+03 6.241999022999471890e+03 2.579972223827267097e+00
1.538557861328125000e+03 6.239635906104804235e+03 2.578754879849319614e+00
1.538578674316406250e+03 6.241163589023674831e+03 2.577406904609497396e+00
1.538599548339843750e+03 6.243708326327237046e+03 2.586213157690076869e+00
1.538620361328125000e+03 6.241489115924903672e+03 2.578125000000000000e+00
1.538641174316406250e+03 6.242390536358809186e+03 2.577465088512591596e+00
1.538662048339843750e+03 6.243821101715974692e+03 2.580821713437937870e+00
1.538682861328125000e+03 6.242487638071064794e+03 2.577751178805189447e+00
1.538703674316406250e+03 6.240796269690574263e+03 2.578843080335754934e+00
1.538724548339843750e+03 6.242049102834743280e+03 2.579112008480596963e+00
1.538745361328125000e+03 6.243842812888809931e+03 2.578140998559498520e+00
1.538766174316406250e+03 6.249086754452921014e+03 2.583586208723543720e+00
1.538787048339843750e+03 6.240547531491180962e+03 2.576085063868548186e+00
1.538807861328125000e+03 6.244976278288057074e+03 2.587916144479127656e+00
1.538828674316406250e+03 6.242199473452041275e+03 2.576910484230640286e+00
1.538849548339843750e+03 6.240896195902882937e+03 2.576896698550646292e+00
1.538870361328125000e+03 6.243425687852622104e+03 2.582000778410873387e+00
1.538891174316406250e+03 6.239149045613117778e+03 2.576030273247766900e+00
1.538912048339843750e+03 6.246053236753410602e+03 2.578935900231419165e+00
1.538932861328125000e+03 6.244738650740441699e+03 2.580544001573152002e+00
1.538953674316406250e+03 6.241222419021323731e+03 2.577989331923993266e+00
1.538974548339843750e+03 6.242128056570370973e+03 2.580925732211771795e+00
1.538995361328125000e+03 6.247084244049619883e+03 2.581352941201485507e+00
1.539016174316406250e+03 6.237015820405819795e+03 2.579355027362021602e+00
1.539037048339843750e+03 6.245513043812130491e+03 2.577547783246831425e+00
1.539057861328125000e+03 6.246856114315000923e+03 2.579786747687432769e+00
1.539078674316406250e+03 6.240697544384188404e+03 2.576499010070693707e+00
1.539099548339843750e+03 6.238963739282333336e+03 2.577438633037453020e+00
1.539120361328125000e+03 6.238460884305437503e+03 2.577167032455888407e+00
1.539141174316406250e+03 6.240853394420793848e+03 2.580273374667652941e+00
1.539162048339843750e+03 6.242852243266343976e+03 2.581689578259015239e+00
1.539182861328125000e+03 6.242964567070168414e+03 2.577537053431104841e+00
1.539203674316406250e+03 6.243558518807882137e+03 2.576366680377432772e+00
1.539224548339843750e+03 6.240370955638111809e+03 2.576289870514908653e+00
1.539245361328125000e+03 6.238639381917535502e+03 2.583764306902204044e+00
1.539266174316406250e+03 6.242849936885108036e+03 2.576269603434407252e+00
1.539287048339843750e+03 6.241570666449676537e+03 2.578037052388415518e+00
1.539307861328125000e+03 6.238242377982896869e+03 2.576730246834855187e+00
1.539328674316406250e+03 6.241082669052640085e+03 2.580352098702343167e+00
1.539349548339843750e+03 6.238687244103683952e+03 2.578150986049198679e+00
1.539370361328125000e+03 6.241560434891898694e+03 2.576712851593648601e+00
1.539391174316406250e+03 6.236687055651951596e+03 2.577007999619430390e+00
1.539412048339843750e+03 6.236683163903187960e+03 2.583754341110768404e+00
1.539432861328125000e+03 6.237308411569568307e+03 2.575737512394764117e+00
1.539453674316406250e+03 6.241049967670625847e+03 2.578655488893700998e+00
1.539474548339843750e+03 6.240873990434139159e+03 2.581642848824980518e+00
1.539495361328125000e+03 6.242453017204576099e+03 2.577248534137495106e+00
1.539516174316406250e+03 6.238993120385793191e+03 2.583841817301267607e+00
1.539537048339843750e+03 6.237984158769169881e+03 2.577799088656734572e+00
1.539557861328125000e+03 6.239441468662572333e+03 2.575403892914547299e+00
1.539578674316406250e+03 6.241058063414669050e+03 2.577535110959690012e+00
1.539599548339843750e+03 6.239480275781151249e+03 2.576438675976611581e+00
1.539620361328125000e+03 6.242190314971582666e+03 2.576857284051995212e+00
1.539641174316406250e+03 6.236226102899304351e+03 2.578866747877467613e+00
1.539662048339843750e+03 6.238416542654101249e+03 2.576286816581473627e+00
1.539703674316406250e+03 6.240785091169849693e+03 2.576902897489701694e+00
1.539724548339843750e+03 6.239429282934790535e+03 2.576766980016901076e+00
1.539745361328125000e+03 6.240660839331678289e+03 2.578624515115299332e+00
1.539766174316406250e+03 6.242647948055528104e+03 2.577662016015876745e+00
1.539787048339843750e+03 6.238820696967551157e+03 2.581753945284189555e+00
1.539807861328125000e+03 6.242089949593198071e+03 2.576699990142989449e+00
1.539828674316406250e+03 6.240433605861719116e+03 2.579576488303610748e+00
1.539849548339843750e+03 6.245516532649417059e+03 2.577867992190902235e+00
1.539870361328125000e+03 6.238428521484198427e+03 2.582010012263735721e+00
1.539891174316406250e+03 6.237301622328830490e+03 2.576649191411789275e+00
1.539912048339843750e+03 6.240720143749693307e+03 2.578159123975162448e+00
1.539932861328125000e+03 6.241943754049608287e+03 2.577357322377305415e+00
1.539953674316406250e+03 6.238829712689269400e+03 2.576410544259594815e+00
1.539974548339843750e+03 6.237834095046350740e+03 2.579553381831676262e+00
1.539995361328125000e+03 6.233935084084751907e+03 2.577631215289990507e+00
1.540016174316406250e+03 6.238502125800809154e+03 2.577731385672232367e+00
1.540036987304687500e+03 6.240285616290958387e+03 2.578338614197221546e+00
1.540057800292968750e+03 6.238725348783698792e+03 2.580508708038153909e+00
1.540078674316406250e+03 6.238727650687948881e+03 2.578063039324097527e+00
1.540099487304687500e+03 6.240006452698161411e+03 2.584594470003241717e+00
1.540120300292968750e+03 6.238412086084404109e+03 2.577458613421396372e+00
1.540141174316406250e+03 6.241068993899698398e+03 2.584437831497733651e+00
1.540161987304687500e+03 6.238523592608808940e+03 2.578009123076520748e+00
1.540182800292968750e+03 6.240379802814933100e+03 2.577480073661259308e+00
1.540203674316406250e+03 6.236418061082363238e+03 2.579811330742576292e+00
1.540224487304687500e+03 6.239503752956376957e+03 2.577597824297507056e+00
1.540245300292968750e+03 6.240256123489045422e+03 2.576037399796467842e+00
1.540266174316406250e+03 6.236914302699802647e+03 2.575877464193662369e+00
1.540286987304687500e+03 6.239751335033669420e+03 2.578085881716720262e+00
1.540307800292968750e+03 6.235746470256659450e+03 2.576648266106851715e+00
1.540328674316406250e+03 6.239091250124108228e+03 2.577308201725379444e+00
1.540349487304687500e+03 6.238181898047633695e+03 2.578543704162747918e+00
1.540370300292968750e+03 6.242948243077084953e+03 2.579620390030078703e+00
1.540391174316406250e+03 6.243803165054357123e+03 2.578232271679282928e+00
1.540411987304687500e+03 6.237584438198833595e+03 2.575992326357767315e+00
1.540432800292968750e+03 6.235884065052233382e+03 2.578543704162747918e+00
1.540453674316406250e+03 6.237359464672280410e+03 2.577198301283190496e+00
1.540474487304687500e+03 6.237597980829818880e+03 2.581410204924364127e+00
1.540495300292968750e+03 6.235521545948462517e+03 2.575625138184419516e+00
1.540516174316406250e+03 6.237267058779000763e+03 2.576625596032082743e+00
1.540536987304687500e+03 6.236182178840838787e+03 2.577002541075620545e+00
1.540557800292968750e+03 6.237680744940826116e+03 2.576242210232036811e+00
1.540578674316406250e+03 6.236599427287525941e+03 2.582925754101808025e+00
1.540599487304687500e+03 6.242035495655470186e+03 2.578485729527923986e+00
1.540620300292968750e+03 6.233713830109145420e+03 2.576013798812965216e+00
1.540641174316406250e+03 6.236633676443815602e+03 2.581910838956734011e+00
1.540661987304687500e+03 6.231222085623617204e+03 2.575377693994345574e+00
1.540682800292968750e+03 6.233834537089801415e+03 2.574873011892871322e+00
1.540703674316406250e+03 6.235198160833799193e+03 2.578887179447768574e+00
1.540724487304687500e+03 6.229087870282553013e+03 2.575517665345519625e+00
1.540745300292968750e+03 6.233212748535920582e+03 2.576898363938723069e+00
1.540766174316406250e+03 6.231575732976180007e+03 2.576539077791129895e+00
1.540786987304687500e+03 6.233366457940684086e+03 2.575451568710986017e+00
1.540807800292968750e+03 6.230683343896975202e+03 2.575700764531035691e+00
1.540828674316406250e+03 6.233076900063838366e+03 2.584330817401903957e+00
1.540849487304687500e+03 6.227227161827393502e+03 2.575032454350953071e+00
1.540870300292968750e+03 6.235494209170382419e+03 2.576786780557769774e+00
1.540891174316406250e+03 6.227795501226793021e+03 2.586229567154361586e+00
1.540911987304687500e+03 6.230150827527007095e+03 2.575532661824824210e+00
1.540932800292968750e+03 6.229993274529463633e+03 2.578011712561873114e+00
1.540953674316406250e+03 6.230281855451587035e+03 2.580804807681662538e+00
1.540974487304687500e+03 6.236629861274252107e+03 2.579446812104453812e+00
1.540995300292968750e+03 6.233850557928699345e+03 2.575440182144679291e+00
1.541016174316406250e+03 6.233134867923007732e+03 2.577778833442048168e+00
1.541036987304687500e+03 6.229315856065853040e+03 2.577589499605979384e+00
1.541057800292968750e+03 6.229999349772027017e+03 2.576877083898974519e+00
1.541078674316406250e+03 6.228786110131756686e+03 2.574396570110229376e+00
1.541099487304687500e+03 6.231383869996672729e+03 2.575310945717539823e+00
1.541120300292968750e+03 6.230453102843385750e+03 2.580122018190934785e+00
1.541141174316406250e+03 6.233175015750206512e+03 2.575772778743273150e+00
1.541161987304687500e+03 6.231481897566026419e+03 2.574727542129211511e+00
1.541182800292968750e+03 6.230044293102417214e+03 2.576019999876632216e+00
1.541203674316406250e+03 6.235390473778693377e+03 2.575828593000947464e+00
1.541224487304687500e+03 6.230931209567972473e+03 2.587813143739872590e+00
1.541245300292968750e+03 6.233431214416625153e+03 2.576596541032377008e+00
1.541266174316406250e+03 6.230562192284127377e+03 2.574435744452215236e+00
1.541286987304687500e+03 6.228955555132561130e+03 2.576143740369492896e+00
1.541307800292968750e+03 6.232353447203659016e+03 2.576251279635345171e+00
1.541328674316406250e+03 6.227661092519408157e+03 2.576179278799065386e+00
1.541349487304687500e+03 6.229264206659942829e+03 2.578070160253631560e+00
1.541370300292968750e+03 6.228078471234100107e+03 2.577175173488874815e+00
1.541391174316406250e+03 6.225171445335564385e+03 2.576949620356539405e+00
1.541411987304687500e+03 6.227972089177006637e+03 2.577148437500000000e+00
1.541432800292968750e+03 6.228764946606949707e+03 2.576963405753423864e+00
1.541453674316406250e+03 6.225291164387099343e+03 2.575540808023896844e+00
1.541474487304687500e+03 6.227741830911213583e+03 2.575874317212971665e+00
1.541495300292968750e+03 6.230636214997556635e+03 2.589206438777136299e+00
1.541516174316406250e+03 6.229030396782689422e+03 2.577912107983283629e+00
1.541536987304687500e+03 6.229077800081410714e+03 2.580346370039065196e+00
1.541557800292968750e+03 6.227499356083586463e+03 2.575844328145265649e+00
1.541578674316406250e+03 6.228821036870698663e+03 2.574802917049284989e+00
1.541599487304687500e+03 6.226207710086472616e+03 2.579214339876185758e+00
1.541620300292968750e+03 6.224697809092313946e+03 2.576532600372774429e+00
1.541641174316406250e+03 6.225941540446993713e+03 2.580982174036956067e+00
1.541661987304687500e+03 6.227525009901760313e+03 2.576916498094782515e+00
1.541682800292968750e+03 6.214683348881911115e+03 2.574844122307388794e+00
1.541703674316406250e+03 6.223989411626080255e+03 2.575407040470065745e+00
1.541724487304687500e+03 6.226645321577192590e+03 2.575098283984550207e+00
1.541745300292968750e+03 6.225533363800504958e+03 2.579348094847004003e+00
1.541766174316406250e+03 6.223980585064944535e+03 2.575551268446284237e+00
1.541786987304687500e+03 6.225515334497933509e+03 2.575151705671038460e+00
1.541807800292968750e+03 6.221489034068882575e+03 2.577925425809985960e+00
1.541828674316406250e+03 6.226535194853602661e+03 2.575897456687075593e+00
1.541849487304687500e+03 6.227302769735086258e+03 2.575664478972318872e+00
1.541870300292968750e+03 6.226090099516068221e+03 2.579257230960951386e+00
1.541891174316406250e+03 6.229339745060375208e+03 2.575907452875593862e+00
1.541911987304687500e+03 6.227314213322949399e+03 2.575493781883392508e+00
1.541932800292968750e+03 6.229344699422911617e+03 2.577077849456042902e+00
1.541953674316406250e+03 6.226685975713105108e+03 2.576288204733483855e+00
1.541974487304687500e+03 6.226792850895973970e+03 2.580277440286947055e+00
1.541995300292968750e+03 6.231592683913409928e+03 2.576446726773305329e+00
