1.382057898280893824e+03 2.972491283963317983e+03 1.769846570213174486e+00
1.382078731895916007e+03 2.974778323176505182e+03 1.760396389214319290e+00
1.382099565509540980e+03 2.972008400024320963e+03 1.754318698568087864e+00
1.382120399122233948e+03 2.972413000400052169e+03 1.748884458573958689e+00
1.382141232733995821e+03 2.973779527948535360e+03 1.744405728448437998e+00
1.382162066344827053e+03 2.974172274578556880e+03 1.738062469773232532e+00
1.382182899953795186e+03 2.976129067626592132e+03 1.729588062767277945e+00
1.382203733561832905e+03 2.975989442407440947e+03 1.716916580279932214e+00
1.382224567168007070e+03 2.973620844751231743e+03 1.706362106496967845e+00
1.382245400773249003e+03 2.977989073353167896e+03 1.697548512368133089e+00
1.382266234376630109e+03 2.976012082480138815e+03 1.689426170531002747e+00
1.382287067978614004e+03 2.974189825968263449e+03 1.682458906649638486e+00
1.382307901578734800e+03 2.969696562758586879e+03 1.676429178673282783e+00
1.382328735176992950e+03 2.974208496909185214e+03 1.670144799059665397e+00
1.382349568773388000e+03 2.970768481586216694e+03 1.662065409023935292e+00
1.382370402368385840e+03 2.976443216547448174e+03 1.657745621722748641e+00
1.382391235961522852e+03 2.973615983748035887e+03 1.649792516552159860e+00
1.382432903141275347e+03 2.973637645941546907e+03 1.642464614556673030e+00
1.382474570313577487e+03 2.971378737523040400e+03 1.637788263821054802e+00
1.382495403896468815e+03 2.977192933402042399e+03 1.638128142690427502e+00
1.382516237477497043e+03 2.975330778098955307e+03 1.637291564488370321e+00
1.383703748369104005e+03 2.971588968931938780e+03 1.636684808857130413e+00
1.383724581845359808e+03 2.975536421589561087e+03 1.634541959969072256e+00
1.383745415320217944e+03 2.972597324973453851e+03 1.635070116132017359e+00
1.383766248793680006e+03 2.974185401408477901e+03 1.636131162939734818e+00
1.383787082265743493e+03 2.975805827001927810e+03 1.634694598078061611e+00
1.383807915736409541e+03 2.973750804457960839e+03 1.635110725246620156e+00
1.383828749206144948e+03 2.973473549512917998e+03 1.634494991529369834e+00
1.383849582674483827e+03 2.976635859320707368e+03 1.634527957097200890e+00
1.383870416140960970e+03 2.973981748137778141e+03 1.634041939345436401e+00
1.383891249606971996e+03 2.976939294295940726e+03 1.635952717911587362e+00
1.383912083071119469e+03 2.969252453242032971e+03 1.634342334778284833e+00
1.383932916534336073e+03 2.972569423251726676e+03 1.634440874044974956e+00
1.383953749995690032e+03 2.974492854948806325e+03 1.635362887460040326e+00
1.383974583456577875e+03 2.971015725497753010e+03 1.634420014266613874e+00
1.383995416915603073e+03 2.973557525097501639e+03 1.634867274178827046e+00
1.384016250373697858e+03 2.974161577752372523e+03 1.634388651161731598e+00
1.384037083830860411e+03 2.976448961670585959e+03 1.634715891893968598e+00
1.384057917286161000e+03 2.974459159375778654e+03 1.634770729485385043e+00
1.384078750740529813e+03 2.973687182864473925e+03 1.633747690866089064e+00
1.384099584193967985e+03 2.972112048974111076e+03 1.634177189776386818e+00
1.384120417646009173e+03 2.973057917720735986e+03 1.633830870864684703e+00
1.384141251096653377e+03 2.973464613737332002e+03 1.635976327109270434e+00
1.384162084546365350e+03 2.973480111057144313e+03 1.633734702729668475e+00
1.384182917995145544e+03 2.973249063367070903e+03 1.635328189214014794e+00
1.384203751442529210e+03 2.973374992338496213e+03 1.634969135774713367e+00
1.384224584888516802e+03 2.971814388353926915e+03 1.637458069825050710e+00
1.384245418333573070e+03 2.973572167708301549e+03 1.633952860536286078e+00
1.384266251777697562e+03 2.970853002350976567e+03 1.634881274144424079e+00
1.384349585542088789e+03 2.974292720279327114e+03 1.636676578388125636e+00
1.384370418980625800e+03 2.975024351170768568e+03 1.634205566142986621e+00
1.384391252418230579e+03 2.972783888939373810e+03 1.634643768909899819e+00
1.384412085854438374e+03 2.974449995373397996e+03 1.634014143776349792e+00
1.384432919289250094e+03 2.969643267887896855e+03 1.633195603979932020e+00
1.384453752723595471e+03 2.972388935948370545e+03 1.633495060381092490e+00
1.384474586156543864e+03 2.973116107555090366e+03 1.633916819081263849e+00
1.384495419588561163e+03 2.972676537591316446e+03 1.635022433765737748e+00
1.384516253019181477e+03 2.977048219924798104e+03 1.634939460216866536e+00
1.384537086448870014e+03 2.971173664994313185e+03 1.634354078111524222e+00
1.384557919877628137e+03 2.971188942467970719e+03 1.633325304608496786e+00
1.384578753305454939e+03 2.973276130769871088e+03 1.633712885346763288e+00
1.384599586732349962e+03 2.973648231580860738e+03 1.634879961652742297e+00
1.384620420157848002e+03 2.974064313920843233e+03 1.634783417708578712e+00
1.384641253582880381e+03 2.973599121199305955e+03 1.634930637649850693e+00
1.384662087006514867e+03 2.977135061920620046e+03 1.634588854129960911e+00
1.384682920428754187e+03 2.973463541455270388e+03 1.634811856471805491e+00
1.384703753850527391e+03 2.975486996337995606e+03 1.634551878597401364e+00
1.384724587271368819e+03 2.972589630576953823e+03 1.635065887476826019e+00
1.384745420690814171e+03 2.972125289858599899e+03 1.633039467838630188e+00
1.384766254109326383e+03 2.970029832306292064e+03 1.632793152616946797e+00
1.384787087526908181e+03 2.971694177224581381e+03 1.633498928213337198e+00
1.384807920943558656e+03 2.972471881353864319e+03 1.634356412180128393e+00
1.384828754359276900e+03 2.975360969454648057e+03 1.634905700880663781e+00
1.384849587774065185e+03 2.973548549466412624e+03 1.634341021853796372e+00
1.384870421187921465e+03 2.972652728001855849e+03 1.633310561443064968e+00
1.384891254600845969e+03 2.972802178255562467e+03 1.633379605020611969e+00
1.384912088012375079e+03 2.971999647439086402e+03 1.633304868501985974e+00
1.384932921423438074e+03 2.975414261511790755e+03 1.634547211015096924e+00
1.384953754833104085e+03 2.971530060337365285e+03 1.633783663086938676e+00
1.384974588242303980e+03 2.976200609177107253e+03 1.633584529024258103e+00
1.384995421650106437e+03 2.971524902343750000e+03 1.635514136971391697e+00
1.385016255056978025e+03 2.970992320233646751e+03 1.634633923766352970e+00
1.385037088463383952e+03 2.972992167146233442e+03 1.633701940061644597e+00
1.385057921868393350e+03 2.973967946006444890e+03 1.634489448580988213e+00
1.385078755272470971e+03 2.972355127313929188e+03 1.633015962180469849e+00
1.385099588676083840e+03 2.972788961700895015e+03 1.633429378812637056e+00
1.385120422078298361e+03 2.974501113139274366e+03 1.635603203633735347e+00
1.385141255479582014e+03 2.974158052248103559e+03 1.636068210280422708e+00
1.385162088880400006e+03 2.977273311064133395e+03 1.635458595402525361e+00
1.385203755678776815e+03 2.973027010631367375e+03 1.633997655892529099e+00
1.385224589076336088e+03 2.973003153092482989e+03 1.633939655156179338e+00
1.385245422473427880e+03 2.974798442895339576e+03 1.633538335793450536e+00
1.385266255869124052e+03 2.973865045859768998e+03 1.633271367331369905e+00
1.385287089264354108e+03 2.973063646046880876e+03 1.634029172410472075e+00
1.385307922658652842e+03 2.975883798509776170e+03 1.635694597605290124e+00
1.385328756052021163e+03 2.974110761046308653e+03 1.634646977684613756e+00
1.385349589444456342e+03 2.974749496580397135e+03 1.633876180292765046e+00
1.385370422835961108e+03 2.973342861127245669e+03 1.634973875064539062e+00
1.385391256226535006e+03 2.974356285538366592e+03 1.634242330676998201e+00
1.385412089616177127e+03 2.974122341509500075e+03 1.633600729184450318e+00
1.385432923005354041e+03 2.973724635849015158e+03 1.633535635674780551e+00
1.385453756393133972e+03 2.972535836950262365e+03 1.633128888446369942e+00
1.385474589780447332e+03 2.974421652318050292e+03 1.633110055778442593e+00
1.385495423166364162e+03 2.974003817934403742e+03 1.634093662649842793e+00
1.385516256551814877e+03 2.974647691233718433e+03 1.633396026160706560e+00
1.385537089936336088e+03 2.971880965641697003e+03 1.633946805043740236e+00
1.385557923319925067e+03 2.973669406249314761e+03 1.633377342539481303e+00
1.385578756703047929e+03 2.974522442558752573e+03 1.633046840661701804e+00
1.385599590084773354e+03 2.975265969450340435e+03 1.633215530519921854e+00
1.385620423466033117e+03 2.974024200629065945e+03 1.634238099879879558e+00
1.385641256845896805e+03 2.973803228589431455e+03 1.633477180660185768e+00
1.385662090225294833e+03 2.975062287533972267e+03 1.637729305490047471e+00
1.385682923603761083e+03 2.973110601021343882e+03 1.633292825676626370e+00
1.385703756981762126e+03 2.972019112022204808e+03 1.632849222892774677e+00
1.385724590358365504e+03 2.974641960299015409e+03 1.633359461529965140e+00
1.385745423734502992e+03 2.975257638471476639e+03 1.633414490623277260e+00
1.385766257109709841e+03 2.974916059385970584e+03 1.634282741532018024e+00
1.385787090483986503e+03 2.976464754691311555e+03 1.634718808833451220e+00
1.385807923857331389e+03 2.974011384256907149e+03 1.633454921958644945e+00
1.385828757229743587e+03 2.973950575554473744e+03 1.633083850270637738e+00
1.385849590601690579e+03 2.971512448712961032e+03 1.632640263722584306e+00
1.385974590815212196e+03 2.972423861181530810e+03 1.634095997090412533e+00
1.385995424181106046e+03 2.971520041647615017e+03 1.634209067562812256e+00
1.386016257546534007e+03 2.977236043030968631e+03 1.635593145612020072e+00
1.386037090911031100e+03 2.972889577009406366e+03 1.634595126030816692e+00
1.386057924274596189e+03 2.974497981533161692e+03 1.634505858570987513e+00
1.386078757637229955e+03 2.972784786401511610e+03 1.634038948243906386e+00
1.386099590998931944e+03 2.971142080606916352e+03 1.634849992805964103e+00
1.386120424360169181e+03 2.972922817970325468e+03 1.634070609870143187e+00
1.386141257720475096e+03 2.975304118623322211e+03 1.634472017344493322e+00
1.386162091080315349e+03 2.974542794422416591e+03 1.635161248284659363e+00
1.386182924438759528e+03 2.973852923519498745e+03 1.634106064327167651e+00
1.386203757796736454e+03 2.973033883053591126e+03 1.635742697644509969e+00
1.386224591153782058e+03 2.973019039653830987e+03 1.635549560136506431e+00
1.386245424510362000e+03 2.973695410997939689e+03 1.636823919372448977e+00
1.386266257866011529e+03 2.975499682343012864e+03 1.635694889124939433e+00
1.386287091220729053e+03 2.975156975123410575e+03 1.635235462557417474e+00
1.386307924574516164e+03 2.974850775203048670e+03 1.636107191668689120e+00
1.386328757927836477e+03 2.973269699517468780e+03 1.634073819770349933e+00
1.386349591280225013e+03 2.973144227504108585e+03 1.634500607392112670e+00
1.386370424631683363e+03 2.975440096292641556e+03 1.636172911457818513e+00
1.386391257982676052e+03 2.974037891570450938e+03 1.634597751470540983e+00
1.386412091332272666e+03 2.971653097266867007e+03 1.634863044998974946e+00
1.386432924681867917e+03 2.974385982968946792e+03 1.634694014681941310e+00
1.386453758030066183e+03 2.976050930087255438e+03 1.635385484661387778e+00
1.386474591377798788e+03 2.972997090295702492e+03 1.635929618459404988e+00
1.386495424724600070e+03 2.973200432320070831e+03 1.635020100647911034e+00
1.386516258070936601e+03 2.972284550021253381e+03 1.636626393482416564e+00
1.386537091416340900e+03 2.974845566249104650e+03 1.636478816178810858e+00
1.386557924760813421e+03 2.973080755232909269e+03 1.634553410144940822e+00
1.386578758104355074e+03 2.975765727494746898e+03 1.635282847119050365e+00
1.386599591447431067e+03 2.972985254235722095e+03 1.634389307604977137e+00
1.386620424789577100e+03 2.976637622386250314e+03 1.634762635222587024e+00
1.386641258131257018e+03 2.972361426597523405e+03 1.635217674767512452e+00
1.386662091472005159e+03 2.974885191065100571e+03 1.634731424536777444e+00
1.386682924811821522e+03 2.977427849389086532e+03 1.635447005782187935e+00
1.386703758151171542e+03 2.972168331266832411e+03 1.634741633705190766e+00
1.386724591489125942e+03 2.973512972550282939e+03 1.635314120177594921e+00
1.386745424827080114e+03 2.972609264531741701e+03 1.634273258930135642e+00
1.386766258163636849e+03 2.975801965359959468e+03 1.636750796785010564e+00
1.386787091500194492e+03 2.972064087346620454e+03 1.637505681268285995e+00
1.386807924835354470e+03 2.972176039010776094e+03 1.634516360878125685e+00
1.386828758170047877e+03 2.976985400068285344e+03 1.635727976267557837e+00
1.386849591503811098e+03 2.976306397816720164e+03 1.636325980244476508e+00
1.386870424836642997e+03 2.974233720656201058e+03 1.636846059431928291e+00
1.386891258169009461e+03 2.977693677721034419e+03 1.635777970107686663e+00
1.386912091500909355e+03 2.972219742743216102e+03 1.636207227504850925e+00
1.386932924831412038e+03 2.975250908491605969e+03 1.635109048409068233e+00
1.386953758161450423e+03 2.972687971837932764e+03 1.634739518954112292e+00
1.386974591491023602e+03 2.972522045556009289e+03 1.634741925394780138e+00
1.386995424819664095e+03 2.969380724762332648e+03 1.634135390272061894e+00
1.387016258147374174e+03 2.972422927869770774e+03 1.635187055987432858e+00
1.387037091474151566e+03 2.971825118820324406e+03 1.635337811490466864e+00
1.387057924800462843e+03 2.973722615182985464e+03 1.635351807427874782e+00
1.387078758126309822e+03 2.970210731598530856e+03 1.634791949389492238e+00
1.387099591451226388e+03 2.975703726441412527e+03 1.636647953514339449e+00
1.387120424775211177e+03 2.974441551818172229e+03 1.635102997198385477e+00
1.387141258098264188e+03 2.974385069780264985e+03 1.635321409848881080e+00
1.387162091421316518e+03 2.977895221231301093e+03 1.636736011641709343e+00
1.387182924742971863e+03 2.974045353664932009e+03 1.634932970895344839e+00
1.387203758064162002e+03 2.972402016053882562e+03 1.637146450051621294e+00
1.387224591384421501e+03 2.972327188251616008e+03 1.635538481368963737e+00
1.387245424704215566e+03 2.974297769218629583e+03 1.635562898289972589e+00
1.387266258023077626e+03 2.975894340874128375e+03 1.635672223317174101e+00
1.387287091341007454e+03 2.972817082940250202e+03 1.636306310140827280e+00
1.387307924658472075e+03 2.975328902752908562e+03 1.636760920525310636e+00
1.387328757975471035e+03 2.972960265367755255e+03 1.637955810356029440e+00
1.387349591291539582e+03 2.974287390728765331e+03 1.636780876491882752e+00
1.387370424606676806e+03 2.976141287697606003e+03 1.640114550427923756e+00
1.387391257921347915e+03 2.976124597126466597e+03 1.638172532796115854e+00
1.387412091235087019e+03 2.973241907902634011e+03 1.636406625197451392e+00
1.387432924547894800e+03 2.974057275840720195e+03 1.635909579238254086e+00
1.387453757860237602e+03 2.973655460934094208e+03 1.635620987230916867e+00
1.387474591172114970e+03 2.972540868091200537e+03 1.636247152700489593e+00
1.387495424483061470e+03 2.974852530708207723e+03 1.636601191193166827e+00
1.387516257793075511e+03 2.975504511805913808e+03 1.636059029481888416e+00
1.387537091102622981e+03 2.972755740732642607e+03 1.635805371331004787e+00
1.387557924411240947e+03 2.975315589168043971e+03 1.636772646505951778e+00
1.387578757719393025e+03 2.971862167815790599e+03 1.635362231407595068e+00
1.387599591026614007e+03 2.977552498644876778e+03 1.636169049946753606e+00
1.387620424332902985e+03 2.974155621482475908e+03 1.635586950422935670e+00
1.387641257638726074e+03 2.972676856618383226e+03 1.636352789486471337e+00
1.387662090944083047e+03 2.972632116836495697e+03 1.635521790189321312e+00
1.387682924248510062e+03 2.972339046293191132e+03 1.635406405017836518e+00
1.387703757552005527e+03 2.975243193567290291e+03 1.637590271885745352e+00
1.387724590855035785e+03 2.972792352558743460e+03 1.636851448743191773e+00
1.387787090759466537e+03 2.973353563114029384e+03 1.635626890759364516e+00
1.387807924059703055e+03 2.973643522694751027e+03 1.635338686240064066e+00
1.387828757359006886e+03 2.976737818621110364e+03 1.636561420317215854e+00
1.387849590657845965e+03 2.971886904947767107e+03 1.635938799984186787e+00
1.387870423955752813e+03 2.972747334095867700e+03 1.636055386293588709e+00
1.387891257253194453e+03 2.973702570561887114e+03 1.636790854383929128e+00
1.387912090549704999e+03 2.972886858905033932e+03 1.635912639789730338e+00
1.387932923845748974e+03 2.972205254151499048e+03 1.636491636847534847e+00
1.387953757140861853e+03 2.976429965587187326e+03 1.636568631591732048e+00
1.387974590435043865e+03 2.975024809454731894e+03 1.636717293313045163e+00
1.387995423729225877e+03 2.976589858422974430e+03 1.636383313604975465e+00
1.388016257022010905e+03 2.973096376096365930e+03 1.635918469395749586e+00
1.388037090314329816e+03 2.972766210898405006e+03 1.635939455805413667e+00
1.388057923606183977e+03 2.974667607266741470e+03 1.636261359423788253e+00
1.388078756897107496e+03 2.975314609721538091e+03 1.636761211855039866e+00
1.388099590187098784e+03 2.974882187784608504e+03 1.637710598514305227e+00
1.388120423476623500e+03 2.973354666502944383e+03 1.637614949392299790e+00
1.388141256765682101e+03 2.976024367475547024e+03 1.637304524409511242e+00
1.388162090053811426e+03 2.972807511508819516e+03 1.636621804655180146e+00
1.388182923341475089e+03 2.972687083739877380e+03 1.635759386570027729e+00
1.388203756628206065e+03 2.975899764901812887e+03 1.637278313226978144e+00
1.388224589914006174e+03 2.974290705616137075e+03 1.636294362258734036e+00
1.388245423199340166e+03 2.974561810283192699e+03 1.637842634622928006e+00
1.388266256484208952e+03 2.974358335508317396e+03 1.636568922955691008e+00
1.388287089768145961e+03 2.973264640807195519e+03 1.637701062969741717e+00
1.388307923051617990e+03 2.974402542236843146e+03 1.638416074808805911e+00
1.388328756334158925e+03 2.975166107562926754e+03 1.637221084020177519e+00
1.388349589615768991e+03 2.976455150080656495e+03 1.639194991554364877e+00
1.388370422897377466e+03 2.974415870796792660e+03 1.637174338069230073e+00
1.388391256177589185e+03 2.975046182267356471e+03 1.637661901143415255e+00
1.388412089457335469e+03 2.975988853729435959e+03 1.638530156733139176e+00
1.388432922736617002e+03 2.972706732927439589e+03 1.636084458710284739e+00
1.388453756014966530e+03 2.973575418798743158e+03 1.637167784791865088e+00
1.388474589292849487e+03 2.972726274904311140e+03 1.636886697314438699e+00
1.388495422570267692e+03 2.974976235582792469e+03 1.636630909458563821e+00
1.388516255846289823e+03 2.976946029931441444e+03 1.637036713735498417e+00
1.388537089122311045e+03 2.973689722965297733e+03 1.637501386103152656e+00
1.388557922397400489e+03 2.974148794608933713e+03 1.636667473838798736e+00
1.388578755671559520e+03 2.974503917161955997e+03 1.638259563020538989e+00
1.388599588945252435e+03 2.974838914668908274e+03 1.640494205165814456e+00
1.388620422218479007e+03 2.974195478973633271e+03 1.638405306461800937e+00
1.388641255490775620e+03 2.974348093989830886e+03 1.637885795165823444e+00
1.388662088762141138e+03 2.973242066336178596e+03 1.636903738706855238e+00
1.388682922033040086e+03 2.971191704804091387e+03 1.636511887471922444e+00
1.388703755303472917e+03 2.974251204458606935e+03 1.636904102837235753e+00
1.388724588572974881e+03 2.977582454397323090e+03 1.637259091426429114e+00
1.388745421842011183e+03 2.972804407322356383e+03 1.637890234887340313e+00
1.388766255110580914e+03 2.975723479890184990e+03 1.641011147242127821e+00
1.388787088377755481e+03 2.971451437709231868e+03 1.636741619815235360e+00
1.388807921644930047e+03 2.973421682873969530e+03 1.640303880055141050e+00
1.388828754911171927e+03 2.974811998712438708e+03 1.637823492230548794e+00
1.388849588176482484e+03 2.972955360095157175e+03 1.637016906529802585e+00
1.388870421441793496e+03 2.971139380934341716e+03 1.637542153318210847e+00
1.388891254696394526e+03 2.972118164339842679e+03 1.636862154484553189e+00
1.388912087959843120e+03 2.975995037056919045e+03 1.638089791581402554e+00
1.388932921222826508e+03 2.974607865920968379e+03 1.637995984041090702e+00
1.388953754484878118e+03 2.971219687298543704e+03 1.636343391731531538e+00
1.388974587746462930e+03 2.973901960743015934e+03 1.637463238718444236e+00
1.388995421007117329e+03 2.971928222953320528e+03 1.636500960907157243e+00
1.389016254267306977e+03 2.973422995706123402e+03 1.636981879230144932e+00
1.389037087527030053e+03 2.972978312958424340e+03 1.637363643647337774e+00
1.389057920785820897e+03 2.973615438247772090e+03 1.637418902187105063e+00
1.389078754044146990e+03 2.974755407772622220e+03 1.637602719878009871e+00
1.389099587301542215e+03 2.975241411891500320e+03 1.638291579665552611e+00
1.389120420558470869e+03 2.974989733995822462e+03 1.637193342425251608e+00
1.389162087070467805e+03 2.974331740337222527e+03 1.638028369718437238e+00
1.389182920325533814e+03 2.975736418610117653e+03 1.638017889928877091e+00
1.389203753579668955e+03 2.973150095778507875e+03 1.637691163414355167e+00
1.389224586833338435e+03 2.971880313076624134e+03 1.639238334657306284e+00
1.389245420086077047e+03 2.972886516224803927e+03 1.638334291806462950e+00
1.389266253338349543e+03 2.974987456147099692e+03 1.637879754213939831e+00
1.389287086590156832e+03 2.974117496572207983e+03 1.638931126598043964e+00
1.389307919841032344e+03 2.970341479402567529e+03 1.637013702400478943e+00
1.389328753091442195e+03 2.975199300464426415e+03 1.638062574120603854e+00
1.389349586340921178e+03 2.975245615587863085e+03 1.638320103058636068e+00
1.389370419589933590e+03 2.972658718225776738e+03 1.638047073065139525e+00
1.389391252838481023e+03 2.974316599521911485e+03 1.638828492892658195e+00
1.389432919333247810e+03 2.973647959200421610e+03 1.638407198203561510e+00
1.389453752579467164e+03 2.972879800343801435e+03 1.638582975138077602e+00
1.389474585825219947e+03 2.972976531000644172e+03 1.638236132261090328e+00
1.389495419070507069e+03 2.973894723848231024e+03 1.639512038791358428e+00
1.389516252314864005e+03 2.972027534066668522e+03 1.638445105337666297e+00
1.389537085558754825e+03 2.972447149414399064e+03 1.637718823786770361e+00
1.389557918801714095e+03 2.971745429584239446e+03 1.638754950544269118e+00
1.389578752044208159e+03 2.971404386569116923e+03 1.638073199172481509e+00
1.389599585286236106e+03 2.971661564761166119e+03 1.638072980850191041e+00
1.389620418527332959e+03 2.973500719338315776e+03 1.638949310496425671e+00
1.389641251767965059e+03 2.974527388901213271e+03 1.639499459874144804e+00
1.389662085008129907e+03 2.973872050761136052e+03 1.638632445378200853e+00
1.389682918247363887e+03 2.973024505307263553e+03 1.638625534184405375e+00
1.389703751486132205e+03 2.974135588154729248e+03 1.639153465459609382e+00
1.389724584723969201e+03 2.973627224783239399e+03 1.642170786386908610e+00
1.389745417961340536e+03 2.975490769969401754e+03 1.639660360941608053e+00
1.389766251198247119e+03 2.974799263007498666e+03 1.640352935031008430e+00
1.389787084434221924e+03 2.974545901024493560e+03 1.640372265922246386e+00
1.389807917669730614e+03 2.977350458491424433e+03 1.639784315975894469e+00
1.389828750904307071e+03 2.973940894685079911e+03 1.640225679756550203e+00
1.389849584138884893e+03 2.973545456508897132e+03 1.639666831553503235e+00
1.389870417372066186e+03 2.971979677046698271e+03 1.639289166802748943e+00
1.389891250605247023e+03 2.973486175439077215e+03 1.641471281220458378e+00
1.389912083837496539e+03 2.972936899777962935e+03 1.639458086916558921e+00
1.389932917069279483e+03 2.971930366311754824e+03 1.641595389985978759e+00
1.389953750300131560e+03 2.974011627960708211e+03 1.641388197903543178e+00
1.389995416760439184e+03 2.974773703912259407e+03 1.639839202162136855e+00
1.390016249989428616e+03 2.974731490729582220e+03 1.639809251252463129e+00
1.390057916446010495e+03 2.972014270180949552e+03 1.639675119715708007e+00
1.390078749673138191e+03 2.973774864937052826e+03 1.640847690545940374e+00
1.390099582899798861e+03 2.970364208567107198e+03 1.639424347914657742e+00
1.390120416125995007e+03 2.973285048659431595e+03 1.640714661100951766e+00
1.390141249351259830e+03 2.975922408797615844e+03 1.640896947211060386e+00
1.390162082576057855e+03 2.976668321928703335e+03 1.640588305834999483e+00
1.390182915799925013e+03 2.975389179928667545e+03 1.640347702570143618e+00
1.390203749023792170e+03 2.972486418171587047e+03 1.640245230180723768e+00
1.390224582246728460e+03 2.972351465186794485e+03 1.639641167066221650e+00
1.390287081911346377e+03 2.972007915247892925e+03 1.640310784177487768e+00
1.390307915131953450e+03 2.974190056681734859e+03 1.641887651212500465e+00
1.390328748351630566e+03 2.972656283092101148e+03 1.642599969779868552e+00
1.390349581570841110e+03 2.975219116575841326e+03 1.643231600977751450e+00
1.390370414789586448e+03 2.974530285710728549e+03 1.641165508062339073e+00
1.390391248007400918e+03 2.973034262769602719e+03 1.641523496642648405e+00
1.390412081224748363e+03 2.975931493911789403e+03 1.641422840671858285e+00
1.390432914441631056e+03 2.976144714364238553e+03 1.642963377852642681e+00
1.390453747657581971e+03 2.973118364846260192e+03 1.640814270727665170e+00
1.390474580873533341e+03 2.975159403898566325e+03 1.641871895847065277e+00
1.390495414088086818e+03 2.972522194550848326e+03 1.642399291691764462e+00
1.390516247302642114e+03 2.975165371355737989e+03 1.642116631485896594e+00
1.390537080516264496e+03 2.974986707405663310e+03 1.641920903975989443e+00
1.390557913729421671e+03 2.971004530045244337e+03 1.641986971878983015e+00
1.390578746941646841e+03 2.974265437018224020e+03 1.642214559083494452e+00
1.390599580153873376e+03 2.974078861302457881e+03 1.643573618081151988e+00
1.390620413365169043e+03 2.972921436929766060e+03 1.641485079615883302e+00
1.390641246575531568e+03 2.973680493662563549e+03 1.642205703010175766e+00
1.390662079785894093e+03 2.971909308726071686e+03 1.641897815884160172e+00
1.390682912995326205e+03 2.975926814984083194e+03 1.643607997199716175e+00
1.390703746204292656e+03 2.973567827133832907e+03 1.641866958650748165e+00
1.390724579412327785e+03 2.977120191764528499e+03 1.643084616935672093e+00
1.390745412620362913e+03 2.973723950606936796e+03 1.641971435270536128e+00
1.390766245827466491e+03 2.974837359492369615e+03 1.643848920971339611e+00
1.390787079033638520e+03 2.972565375256092011e+03 1.642000693340828876e+00
1.390807912239811003e+03 2.973573078269801499e+03 1.643382634061098413e+00
1.390828745445051936e+03 2.971849288804139633e+03 1.643061617749337344e+00
1.390849578649827890e+03 2.972056638074663624e+03 1.642383904149952389e+00
1.390870411854137501e+03 2.974326967001502908e+03 1.643520814996506818e+00
1.390891245057515334e+03 2.973777199457423649e+03 1.642712745184850887e+00
1.390912078260427961e+03 2.970601978006898207e+03 1.643760228578486027e+00
1.390932911462874927e+03 2.972654578097257854e+03 1.642968166639629857e+00
1.390953744664856004e+03 2.975526679853651331e+03 1.643661522750422987e+00
1.390974577865906667e+03 2.972954385913853912e+03 1.642677549058817910e+00
1.390995411066491215e+03 2.974604072254061066e+03 1.643747319556541964e+00
1.391016244266610101e+03 2.976548981116575305e+03 1.643827455385517000e+00
1.391037077466261962e+03 2.975217603619259535e+03 1.643856752939616861e+00
1.391057910664984320e+03 2.974850356993127207e+03 1.643889095672655065e+00
1.391078743863241016e+03 2.970951778082966939e+03 1.642265226519154186e+00
1.391099577061031596e+03 2.972935940752675833e+03 1.642410251598258153e+00
1.391120410258355605e+03 2.975740346717824195e+03 1.643553599528940312e+00
1.391141243454748974e+03 2.971334576113390085e+03 1.643285283875091318e+00
1.391162076650677136e+03 2.971117768666796565e+03 1.643479833411286339e+00
1.391182909846139410e+03 2.973003691328231980e+03 1.642976655818621623e+00
1.391203743041136022e+03 2.972731210781506434e+03 1.643419773595928834e+00
1.391224576235666973e+03 2.973388821163235207e+03 1.643092742754195257e+00
1.391245409429265919e+03 2.974450867930154800e+03 1.643688067295674626e+00
1.391266242622399659e+03 2.972612591937899197e+03 1.642492775168125974e+00
1.391287075815067965e+03 2.973165266900620736e+03 1.643144036056160440e+00
1.391307909006805403e+03 2.973137333419240804e+03 1.642630305238184096e+00
1.391328742198541931e+03 2.972902013497249300e+03 1.643625404074129825e+00
1.391349575389348502e+03 2.973492678831091325e+03 1.643056974341427612e+00
1.391370408579687592e+03 2.972569766434579378e+03 1.642538643996385384e+00
1.391391241769561475e+03 2.971495204230011041e+03 1.643701339407547701e+00
1.391412074958970152e+03 2.973893210124639154e+03 1.642622322277153435e+00
1.391432908147447506e+03 2.976564487479609397e+03 1.643439431095965464e+00
1.391453741335459654e+03 2.970339106341256411e+03 1.643405773830774574e+00
1.391474574523005685e+03 2.972619182796876430e+03 1.644234746086469690e+00
1.391495407710085601e+03 2.972903792178879485e+03 1.642286276999825656e+00
1.391516240896699401e+03 2.971554479996189912e+03 1.642242288446809084e+00
1.391537074082382787e+03 2.976246805574682639e+03 1.642935733218535921e+00
1.391578740452819602e+03 2.975029105187541973e+03 1.643313502965185968e+00
1.391599573637106005e+03 2.974478545020119327e+03 1.643566945257506351e+00
1.391620406820925837e+03 2.972413503026516082e+03 1.641970636655849081e+00
1.391641240003814801e+03 2.974427177169978677e+03 1.643081279534279737e+00
1.391662073186704674e+03 2.971240210731607931e+03 1.641667134951348750e+00
1.391682906368662998e+03 2.975157974400762214e+03 1.642775806048405451e+00
1.391703739550155660e+03 2.975326850400813782e+03 1.643246617856789715e+00
1.391724572731647640e+03 2.970960992947200793e+03 1.641466633313778622e+00
1.391745405911742637e+03 2.975515990587088254e+03 1.642348628392095167e+00
1.391766239091838088e+03 2.975835563726368491e+03 1.644942424775349243e+00
1.391787072271467878e+03 2.974995576596705632e+03 1.641886852557060683e+00
1.391807905450165890e+03 2.973138653414259352e+03 1.641422187041487568e+00
1.391849571806631957e+03 2.975279466490095729e+03 1.641719489369271701e+00
1.391870404983932985e+03 2.973944365454681702e+03 1.642173254530193249e+00
1.391891238160769490e+03 2.975351341367664645e+03 1.645553017739596946e+00
1.391912071337139423e+03 2.972922586794028575e+03 1.641163692137087793e+00
1.391932904513043923e+03 2.975191320072382041e+03 1.642611871796803236e+00
1.391953737688017100e+03 2.972854801830727865e+03 1.642234666548056721e+00
1.391974570862989822e+03 2.973155452962147137e+03 1.640499364492937984e+00
1.391995404037030994e+03 2.971661666953832992e+03 1.640199805974466241e+00
1.392016237211073530e+03 2.974461220170556771e+03 1.641297556761211585e+00
1.392037070384184517e+03 2.976688675231169327e+03 1.641692912994068720e+00
1.392057903556829842e+03 2.972513444942019305e+03 1.640046953366526727e+00
1.392078736729009051e+03 2.972493296188698878e+03 1.641203060946119230e+00
1.392099569900721917e+03 2.974862055523414256e+03 1.641240322436050336e+00
1.392120403071969577e+03 2.972316420471517176e+03 1.640226842613576652e+00
1.392141236242751802e+03 2.972754681847075062e+03 1.640186650889422282e+00
1.392162069413068366e+03 2.972602724029879482e+03 1.640849724773771223e+00
1.392182902582919951e+03 2.972786685254878648e+03 1.640152345419938040e+00
1.392203735751839076e+03 2.972597751972118658e+03 1.640391959941837063e+00
1.392224568920757974e+03 2.972751938332868122e+03 1.641164563781459140e+00
1.392245402089211893e+03 2.971238529019362886e+03 1.640573409949654726e+00
1.392307901590850179e+03 2.971560474636596609e+03 1.639195791521343537e+00
1.392349567923100039e+03 2.970214842303398200e+03 1.638995205758736251e+00
1.392370401088294329e+03 2.971859124928947494e+03 1.639195427900038027e+00
1.392391234253489529e+03 2.972339737395555858e+03 1.640896220722317889e+00
1.392412067417752496e+03 2.972832256927104027e+03 1.639366539174511361e+00
1.392432900582015463e+03 2.974214298386128121e+03 1.642986668640028070e+00
1.392453733745346653e+03 2.973266766226064647e+03 1.638620732706292493e+00
1.392474566908212637e+03 2.975873888944812734e+03 1.639832950318401039e+00
1.392495400071079075e+03 2.971496180298784111e+03 1.638850605871343014e+00
1.392516233233014191e+03 2.973676684796729660e+03 1.639733571880602536e+00
1.392537066394948397e+03 2.972310015180037226e+03 1.637774943791121096e+00
1.392557899555952190e+03 2.974522064976671118e+03 1.639001751729460832e+00
1.392578732716955074e+03 2.973095445954629213e+03 1.638978331580308145e+00
1.392599565877027089e+03 2.973329834680461317e+03 1.638546089737102474e+00
1.392620399037099105e+03 2.973001414998842392e+03 1.638675366876494177e+00
1.392641232196705460e+03 2.973544465137053066e+03 1.638439794026219865e+00
1.392662065355380946e+03 2.972934326912347387e+03 1.638483739153507424e+00
1.392682898514055069e+03 2.976701076091522737e+03 1.638211827951549182e+00
1.392703731672264894e+03 2.972473493220132696e+03 1.639053609440258796e+00
1.392724564830009058e+03 2.971000648045935577e+03 1.638354301370200439e+00
1.392787064300912334e+03 2.973763851670790700e+03 1.637886013513064620e+00
1.392807897456792944e+03 2.972006564901530510e+03 1.637371506636361662e+00
1.392828730612673553e+03 2.973643373188459464e+03 1.637654330719532147e+00
1.392849563767623522e+03 2.974655633338128609e+03 1.637834919465081418e+00
1.392870396922573946e+03 2.974725865941752090e+03 1.638127196658690776e+00
1.392891230077058026e+03 2.971683479093717779e+03 1.637816650408657537e+00
1.392912063231076900e+03 2.976546077963293101e+03 1.638926616960024063e+00
1.392932896384630112e+03 2.972125019193336357e+03 1.637106910873011412e+00
1.392953729537715844e+03 2.977646854891924704e+03 1.639282331098098178e+00
1.392974562690803396e+03 2.972853447922654595e+03 1.637730979644774321e+00
1.392995395842960079e+03 2.973966334293463206e+03 1.637379296782695004e+00
1.393016228995115853e+03 2.974229251242211831e+03 1.637879026386907855e+00
1.393037062146806420e+03 2.974908712565222686e+03 1.637464913145199708e+00
1.393057895298496078e+03 2.975066484412611317e+03 1.637432661928750699e+00
1.393078728449254868e+03 2.975096840107165917e+03 1.637594130045513241e+00
1.393099561600013658e+03 2.970387642094272906e+03 1.638494506985045174e+00
1.393120394750307469e+03 2.973533013912124716e+03 1.637984485152177205e+00
1.393141227900135164e+03 2.973425107337698591e+03 1.636947288125913724e+00
1.393162061049496970e+03 2.973370799383654230e+03 1.637567268329406023e+00
1.393182894198859003e+03 2.975031491714807544e+03 1.638406907166509718e+00
1.393203727347754921e+03 2.973257035515850930e+03 1.636544958096729507e+00
1.393224560496185404e+03 2.972589799548107749e+03 1.638859189118211601e+00
1.393245393644151136e+03 2.970092432468008610e+03 1.636018298175023755e+00
1.393266226792115958e+03 2.973363965021031163e+03 1.637803330609588048e+00
1.393287059939614664e+03 2.972392084124369831e+03 1.639449870370138784e+00
1.393307893086647937e+03 2.972248483370216491e+03 1.636465704027360246e+00
1.393328726233682119e+03 2.974747226586270244e+03 1.637781640213153311e+00
1.393349559380249502e+03 2.974459757943890054e+03 1.636659388956539951e+00
1.393370392526352589e+03 2.973025604530954297e+03 1.639637095609224104e+00
1.393391225672454993e+03 2.973000350754392912e+03 1.637022222457801268e+00
1.393412058818090827e+03 2.974727674512040267e+03 1.636522741120697066e+00
1.393432891963727343e+03 2.973730341240092002e+03 1.636356723414374548e+00
1.393453725108899107e+03 2.970963969128467397e+03 1.635795095926049214e+00
1.393474558253604073e+03 2.975389367088559538e+03 1.638452890379494598e+00
1.393495391397844514e+03 2.973049294870214453e+03 1.636617798525644707e+00
1.393516224542549935e+03 2.974387910654869756e+03 1.637032490160269305e+00
1.393537057686322896e+03 2.973776652821281914e+03 1.636005182332642471e+00
1.393557890830096994e+03 2.970058270509874546e+03 1.636547361882611851e+00
1.393578723973404976e+03 2.971993405523793172e+03 1.636299243416226901e+00
1.393599557116713640e+03 2.972285438821858861e+03 1.637728359227923036e+00
1.393620390260022532e+03 2.973671638512260415e+03 1.636691582574908210e+00
1.393641223402865990e+03 2.973985359263923328e+03 1.639051063868625091e+00
1.393662056545242649e+03 2.974118510779861026e+03 1.638411272716857825e+00
1.393682889687618626e+03 2.975011304166572700e+03 1.640739582238523120e+00
1.397162024186452072e+03 2.974213971815372133e+03 1.632198090377417810e+00
1.397182857255213094e+03 2.973066985947554713e+03 1.631684931508991188e+00
1.397203690322577586e+03 2.975060087384733833e+03 1.632232928198031674e+00
1.397224523388544640e+03 2.974203300274346475e+03 1.632299753382876251e+00
1.397245356452183842e+03 2.975902049938893015e+03 1.632580389289693290e+00
1.397266189514426060e+03 2.971580779078054093e+03 1.631870417798496620e+00
1.397287022574805178e+03 2.973676620003985590e+03 1.632602221806780829e+00
1.397307855633788222e+03 2.973968500115654024e+03 1.632268203472587054e+00
1.397328688691373372e+03 2.975338908721703774e+03 1.632846375620484736e+00
1.397349521746630217e+03 2.974174792031642937e+03 1.633475867040319995e+00
1.397370354800957102e+03 2.973017756417157671e+03 1.632656911345486739e+00
1.397391187853419524e+03 2.974184968104083964e+03 1.632445590761377963e+00
1.397412020904020210e+03 2.972900739727664586e+03 1.632643914531611617e+00
1.397432853953223457e+03 2.972549096343805104e+03 1.631902705892052552e+00
1.397453687001030175e+03 2.974353173317287201e+03 1.632108910932908996e+00
1.397474520047439910e+03 2.972474445408059637e+03 1.631323541613148187e+00
1.397495353091986544e+03 2.972902897858416054e+03 1.631536980301341533e+00
1.397516186135136650e+03 2.975504815785872324e+03 1.632385271022109841e+00
1.397537019176889999e+03 2.976190740365661441e+03 1.633174655303949008e+00
1.397557852217246364e+03 2.977963640958873384e+03 1.632529494295172690e+00
1.397578685256205972e+03 2.973465860693733248e+03 1.631959098948521092e+00
1.397599518293302026e+03 2.972561811724647214e+03 1.631809565424056530e+00
1.397620351329001096e+03 2.972523708904333034e+03 1.631922940412387835e+00
1.397641184363304092e+03 2.975848329989444665e+03 1.631852593328373846e+00
1.397662017396675083e+03 2.974433517285222933e+03 1.632392135608464079e+00
1.397682850428182974e+03 2.974882120998082883e+03 1.631616985212809290e+00
1.397703683458295018e+03 2.973963574069120568e+03 1.631535884316411167e+00
1.397724516487009623e+03 2.973820535039575589e+03 1.631510238058857309e+00
1.397745349514326790e+03 2.972804558713991810e+03 1.631478892085470589e+00
1.397766182540712634e+03 2.973547639385568345e+03 1.631768143602239096e+00
1.397787015565235833e+03 2.973222850364451460e+03 1.633972558971254374e+00
1.397807848588829074e+03 2.974915373023287884e+03 1.631858364387144933e+00
1.397828681610558533e+03 2.973086061923272609e+03 1.631167080112705170e+00
1.397849514631356215e+03 2.973872291464906993e+03 1.631918703602181830e+00
1.397870347650758049e+03 2.978260830985714165e+03 1.633994226975439057e+00
1.397891180668761990e+03 2.973861054628309830e+03 1.632214523404318829e+00
1.397912013685835063e+03 2.972554781336877113e+03 1.631311776463968632e+00
1.397932846701046401e+03 2.972551267631883093e+03 1.631445426488794981e+00
1.397953679715325961e+03 2.974731584779899549e+03 1.632751244669065960e+00
1.397974512728672835e+03 2.976551560507107297e+03 1.633407119459692858e+00
1.397995345740157973e+03 2.973974310898279327e+03 1.631162037432654976e+00
1.398016178750710878e+03 2.972718014897287958e+03 1.631605660555017767e+00
1.398037011759869074e+03 2.971740745991198310e+03 1.630468630093842908e+00
1.398057844768094128e+03 2.972787505309113840e+03 1.631154509924735097e+00
1.398078677774922198e+03 2.974672442036131997e+03 1.631420582588779089e+00
1.398099510780354194e+03 2.975065598566619428e+03 1.631691579865569786e+00
1.398120343784853958e+03 2.973643334492428949e+03 1.630892852622335631e+00
1.398141176787957193e+03 2.975469643801711754e+03 1.632053253478369603e+00
1.398162009790128650e+03 2.973847449086504639e+03 1.631576216076894736e+00
1.398182842790903578e+03 2.972110072661561389e+03 1.630859228808002381e+00
1.398203675790282887e+03 2.973264237800196042e+03 1.631119722155351282e+00
1.398224508789194488e+03 2.975067615658020259e+03 1.631469758530033731e+00
1.398245341786243898e+03 2.975964280577260979e+03 1.631749368285543067e+00
1.398266174782363123e+03 2.973198453804124711e+03 1.630674943374772479e+00
1.398287007777548979e+03 2.972707644051050920e+03 1.630894679983688089e+00
1.398307840771339215e+03 2.971441013333932460e+03 1.631424674551277265e+00
1.398328673764196992e+03 2.972334640872075852e+03 1.630788543442172056e+00
1.398349506755659149e+03 2.976666764600005990e+03 1.631517910058505771e+00
1.398370339746189075e+03 2.973848320219442940e+03 1.632317280847318308e+00
1.398391172735789041e+03 2.973378011181305737e+03 1.630955127943136684e+00
1.398412005723991115e+03 2.974056671992103929e+03 1.631450176014838549e+00
1.398432838711261866e+03 2.976541932913058645e+03 1.631700273829453041e+00
1.398453671697601521e+03 2.970833882615540915e+03 1.630351059325842789e+00
1.398474504682543511e+03 2.972469559008385204e+03 1.630519296971185916e+00
1.398495337666554406e+03 2.971183219893163823e+03 1.631175849953922175e+00
1.398516170649168089e+03 2.972647220135078896e+03 1.630923405835075890e+00
1.398557836612068058e+03 2.977143998123120582e+03 1.632029149267324675e+00
1.398578669591423022e+03 2.972360279868467842e+03 1.630806598837299060e+00
1.398599502570312779e+03 2.973368601262635821e+03 1.631334064407610862e+00
1.398620335547804643e+03 2.975410680713550846e+03 1.631438338708831814e+00
1.398641168524365185e+03 2.973339284821471665e+03 1.630568646312170467e+00
1.398662001499993949e+03 2.975382400904947190e+03 1.632854917422459806e+00
1.398682834474225956e+03 2.976534592162317040e+03 1.631791448072280826e+00
1.398745333391801069e+03 2.972697055046431615e+03 1.630768075546027207e+00
1.398766166361842807e+03 2.976648651291762235e+03 1.633237938463117489e+00
1.398786999331417974e+03 2.971351010987759764e+03 1.630198599529355086e+00
1.398807832299596157e+03 2.973393199268557964e+03 1.630527266076998938e+00
1.398828665267310043e+03 2.971090045520599233e+03 1.631452952654428579e+00
1.398849498233625127e+03 2.973922899362130011e+03 1.631153121351518021e+00
1.398870331199010479e+03 2.974255452597440126e+03 1.631242426127539780e+00
1.398891164163464055e+03 2.975488365481379788e+03 1.631763906390109486e+00
1.398911997126519964e+03 2.973435671309096961e+03 1.631065346508624447e+00
1.398932830089111121e+03 2.976193185850573627e+03 1.631467566469120500e+00
1.398953663050770047e+03 2.976553237680907387e+03 1.631895912296475570e+00
1.398974496011031988e+03 2.973802606358162848e+03 1.631784288740726563e+00
1.398995328970829632e+03 2.973605343592413647e+03 1.631399538048092790e+00
1.399016161929230066e+03 2.973706054352398496e+03 1.631837836857437329e+00
1.399036994886697812e+03 2.971171047203404669e+03 1.631909353361423953e+00
1.399057827843700579e+03 2.972115778317450349e+03 1.631400487981126801e+00
1.399078660799305908e+03 2.976626867026182481e+03 1.633760314068273267e+00
1.399099493753980823e+03 2.974366917865192136e+03 1.632951867393449774e+00
1.399120326707723962e+03 2.971801350391905089e+03 1.631153194434348253e+00
1.399141159660536459e+03 2.972503229572339933e+03 1.634677752431292985e+00
1.399161992612417180e+03 2.973449512063211387e+03 1.632906167295977040e+00
1.399182825563366350e+03 2.973410746881574141e+03 1.631451929682497859e+00
1.399203658513849405e+03 2.972937615124431886e+03 1.633455651756947402e+00
1.399224491462935930e+03 2.971050824589008698e+03 1.632015490056370588e+00
1.399245324411092042e+03 2.974716011368469935e+03 1.632906532317797144e+00
1.399266157358315922e+03 2.973186021696799344e+03 1.634789688862987811e+00
1.399286990304608480e+03 2.974592015379588702e+03 1.632659539902006740e+00
1.399307823249968806e+03 2.970804633420246773e+03 1.631610409614628887e+00
1.399328656194400082e+03 2.971850780311768631e+03 1.632093645494514522e+00
1.399349489138363879e+03 2.974917876581408564e+03 1.632737153427525012e+00
1.399370322080932056e+03 2.972257859012771860e+03 1.633178815863768785e+00
1.399391155023034116e+03 2.973354771876157429e+03 1.634072433677852487e+00
1.399411987963738056e+03 2.972147983605006630e+03 1.631904093827454494e+00
1.399432820903976790e+03 2.976177088054519118e+03 1.633667133567591190e+00
1.399453653842819222e+03 2.972513209965339684e+03 1.631870783051996288e+00
1.399474486781195992e+03 2.973087888266170467e+03 1.632265793384924280e+00
1.399495319718640985e+03 2.973723022575481082e+03 1.633232975166701406e+00
1.399516152655154656e+03 2.971419175312753396e+03 1.631325003116438133e+00
1.399536985590736094e+03 2.975359121775240055e+03 1.633457330291805620e+00
1.399557818525388484e+03 2.974041694836751958e+03 1.632102629477939271e+00
1.399578651459108642e+03 2.977313253963021452e+03 1.632135497288567549e+00
1.399599484391897022e+03 2.974637992678142837e+03 1.631791594180761029e+00
1.399620317324219059e+03 2.971795247464104705e+03 1.633482800022130421e+00
1.399641150255144566e+03 2.974631636980685016e+03 1.633144509176699843e+00
1.399661983185605550e+03 2.973254126494168759e+03 1.631869468139014900e+00
1.399682816115134528e+03 2.975724711678889435e+03 1.634501482589763466e+00
1.399703649043732185e+03 2.972359810070507592e+03 1.630729332039247081e+00
1.399724481971397836e+03 2.977741336441195472e+03 1.631868591529772150e+00
1.399745314898599190e+03 2.971297150077407878e+03 1.630384108681954602e+00
1.399766147824403106e+03 2.974420866636482970e+03 1.631009799621443657e+00
1.399786980749740906e+03 2.973520756809881277e+03 1.631634373889188083e+00
1.399807813673681494e+03 2.975603981996532184e+03 1.631289268985628427e+00
1.399828646597155966e+03 2.976862893820975387e+03 1.632383737440362248e+00
1.399849479520165914e+03 2.973800171709373899e+03 1.631387627302333332e+00
1.399870312441778879e+03 2.974580000813356037e+03 1.630906448141747900e+00
1.399891145362926181e+03 2.973483824426214596e+03 1.630904913169425319e+00
1.399911978282675591e+03 2.977714982915259498e+03 1.631297672788220021e+00
1.399932811201960476e+03 2.974037978687173108e+03 1.631592728430313555e+00
1.399953644120314038e+03 2.974448672634739069e+03 1.630508403359861358e+00
1.399974477038201030e+03 2.974152242637822837e+03 1.631177165426038078e+00
1.399995309954691038e+03 2.973891346486544080e+03 1.630992769736350212e+00
1.400016142870716067e+03 2.973179451347150916e+03 1.630939266966231482e+00
1.400036975785809545e+03 2.974049252342758336e+03 1.631054968154987295e+00
1.400057808699972156e+03 2.972852808887322681e+03 1.630421178733352905e+00
1.400078641613667969e+03 2.974004651005115647e+03 1.630834375977934236e+00
1.400099474525967480e+03 2.972883444619390048e+03 1.630418400336628215e+00
1.400120307437801785e+03 2.971182998812366804e+03 1.629992518495579690e+00
1.400141140348704084e+03 2.975288938950413922e+03 1.630796584331087651e+00
1.400161973259139813e+03 2.974323716247143693e+03 1.631310314948828832e+00
1.400182806168180377e+03 2.975894647108985282e+03 1.633562417735526795e+00
1.400203639076754826e+03 2.973385090975951243e+03 1.630690075886951362e+00
1.400224471984397951e+03 2.975855049421230888e+03 1.631044955173746702e+00
1.400245304891574960e+03 2.970891236795663190e+03 1.629275419633104738e+00
1.400266137797355441e+03 2.973681088336728862e+03 1.631414152341259527e+00
1.400286970702669805e+03 2.974315834981570788e+03 1.630743733035099563e+00
1.400307803607053074e+03 2.974473763240693643e+03 1.630433169654380121e+00
1.400328636510970682e+03 2.973726321579086743e+03 1.629965750913684452e+00
1.400349469413956967e+03 2.974825753156443625e+03 1.633995977912724440e+00
1.400370302316011475e+03 2.972947090674829724e+03 1.629628997659721135e+00
1.400391135217134888e+03 2.973926892737074468e+03 1.630333291364123527e+00
1.400411968117327888e+03 2.977129533162119969e+03 1.631132365695173947e+00
1.400432801017054544e+03 2.974167893971392914e+03 1.630045394148351035e+00
1.400453633915849878e+03 2.974042656891299430e+03 1.630321007227989671e+00
1.400474466814179777e+03 2.972582522814475851e+03 1.630592552789221550e+00
1.400495299711577900e+03 2.976486901226960072e+03 1.632313337184228219e+00
1.400516132608045609e+03 2.977039427261604942e+03 1.630545105035071662e+00
1.400536965503580632e+03 2.971090971685373006e+03 1.629218494667332484e+00
1.400557798398650903e+03 2.974023544286284050e+03 1.630199038283038915e+00
1.400578631292789396e+03 2.972551662332054548e+03 1.630095269748121245e+00
1.400599464185997022e+03 2.974450144620231640e+03 1.630121450170667119e+00
1.400620297078273325e+03 2.975302595292778278e+03 1.631202013033400622e+00
1.400641129970083966e+03 2.973844924336312943e+03 1.629949587762035579e+00
1.400682795751376489e+03 2.972857229034123066e+03 1.631738409829652570e+00
1.400745294417493824e+03 2.973118012097332212e+03 1.630337093577978180e+00
1.400766127304647853e+03 2.973539476694372752e+03 1.632373586553418354e+00
1.400786960190871014e+03 2.974495510908253436e+03 1.630534650259546359e+00
1.400807793076626922e+03 2.974919846637850242e+03 1.631206836348609635e+00
1.400828625961452417e+03 2.976168508491663488e+03 1.630904182229716337e+00
1.400849458845348181e+03 2.973100485325104728e+03 1.629743182656520739e+00
1.400870291728776010e+03 2.976547742761563768e+03 1.630787154557343799e+00
1.400891124611272971e+03 2.974265802457202881e+03 1.631532450225528397e+00
1.400911957492839065e+03 2.975110421240329742e+03 1.630062433931039223e+00
1.400932790373939042e+03 2.975699623417360272e+03 1.632351750978360494e+00
1.400953623254108606e+03 2.973151546106040769e+03 1.630505917559158968e+00
1.400974456133345939e+03 2.973414652878838297e+03 1.629769076155394236e+00
1.400995289012118064e+03 2.973892164622072869e+03 1.631387700374658190e+00
1.401016121889958413e+03 2.973461112963870164e+03 1.629550358240239749e+00
1.401036954767334009e+03 2.974060895994984094e+03 1.630622015029555394e+00
1.401057787643776919e+03 2.973078320330010229e+03 1.629938690343088803e+00
1.401078620519290325e+03 2.972110801009819170e+03 1.629985716938558316e+00
1.401099453394336933e+03 2.974364318769808960e+03 1.631083618097513233e+00
1.401120286268451537e+03 2.971890639954251583e+03 1.630210665212635135e+00
1.401141119141635954e+03 2.972737706109988721e+03 1.631327414594003988e+00
1.401161952014354029e+03 2.973246777021137405e+03 1.629572889736220720e+00
1.401182784886140780e+03 2.973619028228623847e+03 1.630142803723531486e+00
1.401203617757462780e+03 2.971669965726690862e+03 1.630142438082856859e+00
1.401224450627853003e+03 2.971051960178011086e+03 1.631010676692256078e+00
1.401245283497312357e+03 2.973604162801564598e+03 1.630604761772263434e+00
1.401266116366305596e+03 2.974727975795367456e+03 1.631301984287529150e+00
1.401286949234367057e+03 2.972188572444676083e+03 1.631215898296190625e+00
1.401307782101962857e+03 2.973225894126496769e+03 1.632614999900399155e+00
1.401328614968627789e+03 2.976054201670753628e+03 1.633573436930027878e+00
1.401349447834827060e+03 2.973389131764245576e+03 1.633263119661080287e+00
1.401370280699628893e+03 2.972711770689134482e+03 1.634021512201613069e+00
1.401391113564431180e+03 2.974037620423804583e+03 1.632854187355661235e+00
1.401411946427836028e+03 2.973305166792772070e+03 1.631704584264958013e+00
1.401432779291240877e+03 2.974295386630587018e+03 1.632167487988609000e+00
1.401453612153250106e+03 2.974228394927201407e+03 1.631324856966168024e+00
1.401474445014791854e+03 2.971453594795327263e+03 1.630245911121432467e+00
1.401495277875404099e+03 2.972186969374481578e+03 1.630107628715069978e+00
1.401516110735548864e+03 2.972710436895602925e+03 1.630501019058447243e+00
1.401536943594763216e+03 2.973038898332963527e+03 1.629948051888608029e+00
1.401557776453511906e+03 2.973594275622916030e+03 1.629760883906454572e+00
1.401578609311328819e+03 2.975162104163464846e+03 1.630328757943707352e+00
1.401599442168680980e+03 2.974041311772921290e+03 1.633854729609037326e+00
1.401620275025100909e+03 2.973718482630084509e+03 1.630135417765998573e+00
1.401641107880589971e+03 2.973698887785190891e+03 1.629919381985643234e+00
1.401661940735613371e+03 2.972587023388017315e+03 1.629729723726253576e+00
1.401682773589704993e+03 2.970359905295933459e+03 1.629183299702504639e+00
1.401703606443331864e+03 2.974185214617996280e+03 1.630196113256249024e+00
1.401724439296026958e+03 2.973552957244068239e+03 1.630175491668450549e+00
1.401745272148256390e+03 2.974214948604580513e+03 1.630479012179649301e+00
1.401766104999554955e+03 2.975172638383637150e+03 1.631270561234835714e+00
1.401786937850386039e+03 2.975021430073303236e+03 1.630659006567612535e+00
1.401807770700288529e+03 2.974370858047160255e+03 1.629726651563546236e+00
1.401828603549257878e+03 2.973807907699181669e+03 1.630169129636582559e+00
1.401849436397762020e+03 2.973637530559327388e+03 1.630119695071690078e+00
1.401870269245334384e+03 2.973924118985034056e+03 1.629453425361886199e+00
1.401891102092441088e+03 2.975342314691790307e+03 1.630001806597498382e+00
1.401911934939083494e+03 2.971676351146470097e+03 1.629835270941972780e+00
1.401932767784327552e+03 2.974985397346746595e+03 1.630157209900842341e+00
1.401953600629572065e+03 2.974675805808748919e+03 1.632058001235548117e+00
1.401974433473420049e+03 2.974556663370690785e+03 1.629154104133945902e+00
1.401995266317268033e+03 2.973133090853288195e+03 1.630967041847384280e+00
1.402016099159718124e+03 2.973015641971736841e+03 1.630005024510227996e+00
1.402036932001702098e+03 2.974451757830416227e+03 1.630732621618034672e+00
1.402057764843221321e+03 2.973237904241830165e+03 1.629340537013680867e+00
1.402078597683810131e+03 2.974207724393328590e+03 1.630635978337181324e+00
1.402099430523931915e+03 2.973034402515625061e+03 1.629195226563696641e+00
1.402120263363122831e+03 2.973865162364817479e+03 1.629582911762575526e+00
1.402141096201382425e+03 2.974711380303760961e+03 1.630200866422117478e+00
1.402161929039176357e+03 2.975920096823283529e+03 1.629749619496923208e+00
1.402182761876504173e+03 2.973586706225130001e+03 1.629120005388988490e+00
1.402203594712901122e+03 2.973054454959205941e+03 1.629564550192854178e+00
1.402224427548831954e+03 2.974163383862371575e+03 1.629698050913757301e+00
1.402245260383832374e+03 2.973445283430119616e+03 1.629594323629943720e+00
1.402266093217901471e+03 2.975083381115502107e+03 1.630740662782690809e+00
1.402286926051504452e+03 2.972620303314396551e+03 1.629294296624780536e+00
1.402307758884641999e+03 2.972256041947671747e+03 1.630948988228439145e+00
1.402328591716847541e+03 2.975681416084576085e+03 1.629600907363226936e+00
1.402349424548121988e+03 2.977072030610356705e+03 1.630145436333968245e+00
1.402370257378931910e+03 2.973752182081118917e+03 1.631893428609312302e+00
1.402391090209274807e+03 2.971780920979312214e+03 1.628675705217245584e+00
1.402411923038686837e+03 2.972738435158474658e+03 1.628682365857625047e+00
1.402432755867167089e+03 2.975493691896429482e+03 1.629494686552305671e+00
1.402453588695647795e+03 2.972855931333627268e+03 1.628966186298950403e+00
1.402474421522732428e+03 2.974454154401707456e+03 1.629196616805638209e+00
1.402495254349350489e+03 2.971457225765371732e+03 1.630262510071800008e+00
1.402516087175502435e+03 2.972989525104428139e+03 1.628916276127904350e+00
1.402536920000723967e+03 2.972174543937672752e+03 1.632441501357961400e+00
1.402557752818028803e+03 2.973213826958985919e+03 1.628812279494938009e+00
1.402578585641852897e+03 2.973169359648240516e+03 1.628813889627122702e+00
1.402599418465210420e+03 2.971837979612371782e+03 1.628682585438712138e+00
1.402620251287637529e+03 2.972830080658774023e+03 1.628177983159574849e+00
1.402641084109599888e+03 2.969891839185282606e+03 1.627939133825510032e+00
1.402661916930630014e+03 2.973651466371095921e+03 1.630148873346751071e+00
1.402745248208231487e+03 2.974758840183488246e+03 1.629717727629505175e+00
1.402766081026001530e+03 2.971859456949725882e+03 1.630176076681628672e+00
1.402786913843306593e+03 2.973703806749147589e+03 1.629833661818823165e+00
1.402807746659680106e+03 2.975626430060638540e+03 1.629575596420946626e+00
1.402828579475587958e+03 2.976436499729059960e+03 1.630315815690251524e+00
1.402849412290564942e+03 2.976864066682639532e+03 1.630950669343094628e+00
1.402870245105076492e+03 2.975395516613986274e+03 1.629298320761391139e+00
1.402891077918655355e+03 2.976420887126083471e+03 1.629458400170732402e+00
1.402911910731769467e+03 2.976478358412502985e+03 1.630536770464197538e+00
1.402932743543953165e+03 2.974826083059192570e+03 1.629459058600176924e+00
1.402953576355669611e+03 2.975835843397179360e+03 1.629552626034779461e+00
1.402974409166455189e+03 2.974931087422624842e+03 1.630216222709439888e+00
1.402995241976775105e+03 2.973624316676569379e+03 1.629949295214827787e+00
1.403016074786628906e+03 2.973372413338632214e+03 1.628937865025929854e+00
1.403036907595552520e+03 2.974215301611433006e+03 1.630764347437286377e+00
1.403057740404009564e+03 2.973902819281561278e+03 1.629415601686134751e+00
1.403078573211535513e+03 2.972317627916885613e+03 1.628732210005057635e+00
1.403099406018595801e+03 2.972553992984333945e+03 1.630292270762301099e+00
1.403120238824725220e+03 2.971427577196085167e+03 1.629256103415220425e+00
1.403141071630388069e+03 2.974627250530405490e+03 1.629144298988545625e+00
1.403161904435586166e+03 2.972465029136667908e+03 1.629093516171795208e+00
1.403182737239852031e+03 2.974254632518851395e+03 1.629945857781201157e+00
1.403203570043653599e+03 2.975205159644089690e+03 1.629367095377909136e+00
1.403224402846522480e+03 2.972312801586831483e+03 1.629127761818575992e+00
1.403245235648926609e+03 2.976031366927805720e+03 1.630234869435292389e+00
1.403266068450399416e+03 2.974557501086310367e+03 1.631226056387263368e+00
1.403286901251406562e+03 2.971949886936948133e+03 1.628637277913920434e+00
1.403307734051947591e+03 2.974074603357574688e+03 1.629430160613037692e+00
1.403328566851557071e+03 2.975664228355100931e+03 1.629669888658173971e+00
1.403349399650700889e+03 2.974568597005877109e+03 1.629068636404276571e+00
1.403370232448914066e+03 2.972385083707589274e+03 1.632770811579991266e+00
1.403391065246661128e+03 2.973535296864452448e+03 1.628751166483065393e+00
1.403411898043942529e+03 2.975001918142344948e+03 1.630527850963964687e+00
1.403432730840293516e+03 2.975357229255967468e+03 1.629567476353281696e+00
1.403453563636177478e+03 2.973699182252650189e+03 1.629449255289828091e+00
1.403474396431130572e+03 2.975033897245537901e+03 1.629757153493738731e+00
1.403495229225618004e+03 2.973903275122609557e+03 1.629671424793754708e+00
1.403516062019174115e+03 2.972373650963897944e+03 1.628598703308975937e+00
1.403536894812265473e+03 2.974910305141419485e+03 1.629435867091613810e+00
1.403557727604890488e+03 2.974571714849730597e+03 1.630965799297018570e+00
1.403578560396583498e+03 2.972773987807524918e+03 1.628923155333251049e+00
1.403599393187811984e+03 2.974058035955251398e+03 1.628837382738414385e+00
1.403641058768404946e+03 2.971980084736921526e+03 1.628662383854768025e+00
1.403661891557770559e+03 2.973507431085451572e+03 1.629144445334433255e+00
1.403682724346204395e+03 2.972438692437391182e+03 1.629934521512546919e+00
1.403703557134172570e+03 2.974663973553077085e+03 1.632520804747289889e+00
1.403724389921675538e+03 2.974429415139330558e+03 1.628755557913676766e+00
1.403745222708247184e+03 2.973388599334280570e+03 1.628510717584504386e+00
1.403766055494352486e+03 2.972883733391232909e+03 1.629327806404612611e+00
1.403786888279526920e+03 2.974173837213583283e+03 1.628822598950895317e+00
1.403807721064235466e+03 2.974888596702657651e+03 1.629095565076892127e+00
1.403828553848478805e+03 2.972730851534960948e+03 1.628529164236714344e+00
1.403849386631789912e+03 2.973395150557751549e+03 1.628814255566033431e+00
1.403870219414636495e+03 2.975598739643890440e+03 1.629043683079313576e+00
1.403891052197016961e+03 2.975204681017306029e+03 1.630054096892236792e+00
1.403911884978465423e+03 2.975038271921568594e+03 1.629040024201879433e+00
1.403932717759450043e+03 2.975701801711978533e+03 1.628995312055817157e+00
1.403953550539501066e+03 2.974003834948440726e+03 1.630651622948195545e+00
1.403974383319088474e+03 2.974206651723763116e+03 1.629788020573348817e+00
1.403995216098208857e+03 2.971294836530187240e+03 1.628894467391250878e+00
1.404016048876399054e+03 2.971410930393601575e+03 1.628220301674285553e+00
1.404036881654121999e+03 2.974868523649357485e+03 1.629016973085069875e+00
1.404057714431380191e+03 2.974613150954095545e+03 1.628621613953018965e+00
1.404078547208172949e+03 2.974512909906649838e+03 1.629924209096448084e+00
1.404099379983569179e+03 2.971056621312497555e+03 1.628203608689118065e+00
1.404120212758964044e+03 2.972513289747607814e+03 1.628464014411780347e+00
1.404141045533428041e+03 2.976895551135036385e+03 1.629869939845811189e+00
1.404161878307427060e+03 2.973542506831239280e+03 1.628764999449397788e+00
1.404182711080959962e+03 2.970696860008212298e+03 1.628145547982439822e+00
1.404203543853560859e+03 2.971313035357970421e+03 1.628307131722733780e+00
1.404224376625697914e+03 2.973927731902486357e+03 1.628481143944148002e+00
1.404245209397367944e+03 2.976521897461008393e+03 1.629442451465137998e+00
1.404266042168106651e+03 2.972207943843595331e+03 1.629352462723895778e+00
1.404286874938380151e+03 2.974625508713819727e+03 1.630682911719945505e+00
1.404307707707721875e+03 2.972088884326842162e+03 1.628274113421920521e+00
1.404328540476598391e+03 2.971973370289252671e+03 1.627811054559374471e+00
1.404349373245008337e+03 2.975259893880393065e+03 1.628630251108971194e+00
1.404370206012953531e+03 2.974996425994595029e+03 1.628845433259346720e+00
1.404391038779967403e+03 2.975873869513344744e+03 1.629130030201381807e+00
1.404411871546515613e+03 2.974384124966697527e+03 1.628072108839224708e+00
1.404432704312597480e+03 2.974038686043130383e+03 1.628045090015787011e+00
1.404453537077748933e+03 2.972325780017654779e+03 1.627456275833097488e+00
1.404474369842434044e+03 2.974458095844503077e+03 1.629104711943215156e+00
1.404495202606653947e+03 2.972890959044997544e+03 1.627214170398169957e+00
1.404516035369942074e+03 2.973693358523142251e+03 1.628359183604421334e+00
1.404536868132764539e+03 2.971362619985568472e+03 1.627839102510287628e+00
1.404557700895122480e+03 2.976435982884773694e+03 1.629123664086791656e+00
1.404578533656547961e+03 2.973486323678473582e+03 1.628582599788010565e+00
1.404599366417507554e+03 2.975116317493110273e+03 1.628946280959513659e+00
1.404641031937565003e+03 2.975454337867054619e+03 1.629936715635213806e+00
1.404661864697128522e+03 2.974885165737355692e+03 1.628020413896384300e+00
1.404682697455295056e+03 2.971149793053004487e+03 1.629879960045624188e+00
1.404745195727465216e+03 2.972540959439682865e+03 1.628505813082286036e+00
1.404766028483768423e+03 2.975345551993563731e+03 1.629367827007160319e+00
1.404786861239139853e+03 2.973790806111052007e+03 1.629317051157367136e+00
1.404807693994512647e+03 2.974204485310355722e+03 1.629116273508764534e+00
1.404828526748488002e+03 2.973995459360651694e+03 1.628975187530668389e+00
1.404849359502462903e+03 2.972724944817409323e+03 1.629641799066521957e+00
1.404870192255507391e+03 2.973437947087562407e+03 1.629772879685547071e+00
1.404891025008086217e+03 2.975354350334671835e+03 1.629279955984401784e+00
1.404911857760198018e+03 2.971761920162923616e+03 1.628997580623059438e+00
1.404932690511845067e+03 2.971499119769569916e+03 1.629760152453653799e+00
1.404953523262560793e+03 2.970554110995304654e+03 1.628236628419665877e+00
1.404974356012810404e+03 2.973321535442557433e+03 1.628754020914309653e+00
1.404995188762595035e+03 2.972553273564787105e+03 1.628951915951610152e+00
1.405016021511447434e+03 2.975397322634466491e+03 1.629899488287221088e+00
1.405036854259834399e+03 2.975153669020917732e+03 1.629452620611969049e+00
1.405057687007757067e+03 2.972642722779427913e+03 1.629025315431672727e+00
1.405078519755212483e+03 2.974603174816593764e+03 1.629563891806034004e+00
1.405099352501736576e+03 2.971243112920264139e+03 1.628782125816373938e+00
1.405120185247796599e+03 2.970659289004301172e+03 1.629108224326236254e+00
1.405141017993389596e+03 2.973661739711280461e+03 1.630607101207679266e+00
1.405161850738516932e+03 2.973325795883672527e+03 1.630302288366374253e+00
1.405182683482713401e+03 2.973516788831762369e+03 1.629332927925966734e+00
1.405203516226444208e+03 2.970434505696257474e+03 1.628992311687837979e+00
1.405224348969708899e+03 2.974561620009003036e+03 1.629388605140744239e+00
1.405245181712508838e+03 2.972485055139266478e+03 1.629062855462716675e+00
1.405266014454842662e+03 2.977405943919113724e+03 1.629740110519184215e+00
1.405286847196245162e+03 2.971592036428257416e+03 1.629031169684481251e+00
1.405307679937181092e+03 2.975325320271662804e+03 1.629964800144494852e+00
1.405328512677652952e+03 2.973865882447056265e+03 1.631596235457311916e+00
1.405349345417192126e+03 2.972920585140421281e+03 1.629497320209838396e+00
1.405370178156731527e+03 2.971966811751894511e+03 1.629301393731746206e+00
1.405391010895340514e+03 2.974047060112067811e+03 1.630171689077675401e+00
1.405411843633483841e+03 2.974712696122348007e+03 1.631943320776730655e+00
1.405432676370694935e+03 2.975176331610791294e+03 1.630287444741288283e+00
1.405453509107906484e+03 2.970701391106320443e+03 1.629120078563025098e+00
1.405474341844187165e+03 2.972835816763427374e+03 1.629254201048041084e+00
1.405495174580000821e+03 2.973758341694843239e+03 1.629564038114239111e+00
1.405516007315349952e+03 2.974038431299355125e+03 1.628949793684147940e+00
1.405536840050232968e+03 2.970900945454183329e+03 1.629230055425441526e+00
1.405557672784185343e+03 2.970942144617658869e+03 1.628615245851074089e+00
1.405578505518136353e+03 2.977193310960301915e+03 1.629492491834443557e+00
1.405599338251156951e+03 2.973309113579987752e+03 1.628933913181244808e+00
1.405620170983712342e+03 2.976541530610772952e+03 1.630302653971198223e+00
1.405641003715801617e+03 2.972651707087293744e+03 1.629226470135815896e+00
1.409370056959068961e+03 2.973746853550888773e+03 2.950062935367961714e+00
