1.382057898280893824e+03 2.974763947095584172e+03 1.769846570213174486e+00
1.382078731895916007e+03 2.976633523631558546e+03 1.760396389214319290e+00
1.382099565509540980e+03 2.974311164392639057e+03 1.754318698568087864e+00
1.382120399122233948e+03 2.975151707480694313e+03 1.748884458573958689e+00
1.382141232733995821e+03 2.975722167868620090e+03 1.744405728448437998e+00
1.382162066344827053e+03 2.976460759871539267e+03 1.738062469773232532e+00
1.382182899953795186e+03 2.977945591776573565e+03 1.729588062767277945e+00
1.382203733561832905e+03 2.977669375143304478e+03 1.716916580279932214e+00
1.382224567168007070e+03 2.974975483594583693e+03 1.706362106496967845e+00
1.382245400773249003e+03 2.979302079634500387e+03 1.697548512368133089e+00
1.382266234376630109e+03 2.976987469464831520e+03 1.689426170531002747e+00
1.382287067978614004e+03 2.974987487095710549e+03 1.682458906649638486e+00
1.382307901578734800e+03 2.969176595143368559e+03 1.676429178673282783e+00
1.382328735176992950e+03 2.974562957179606656e+03 1.670144799059665397e+00
1.382349568773388000e+03 2.971104973640677144e+03 1.662065409023935292e+00
1.382370402368385840e+03 2.975674790038383890e+03 1.657745621722748641e+00
1.382391235961522852e+03 2.971612222911705430e+03 1.649792516552159860e+00
1.382432903141275347e+03 2.973630406415259131e+03 1.642464614556673030e+00
1.382474570313577487e+03 2.971351762901831080e+03 1.637788263821054802e+00
1.382495403896468815e+03 2.977244305356242421e+03 1.638128142690427502e+00
1.382516237477497043e+03 2.975422641679367644e+03 1.637291564488370321e+00
1.383703748369104005e+03 2.971516023679945192e+03 1.636684808857130413e+00
1.383724581845359808e+03 2.974969172733665800e+03 1.634541959969072256e+00
1.383745415320217944e+03 2.972514163549555178e+03 1.635070116132017359e+00
1.383766248793680006e+03 2.975499823197982096e+03 1.636131162939734818e+00
1.383787082265743493e+03 2.977047345584739560e+03 1.634694598078061611e+00
1.383807915736409541e+03 2.975135082461543334e+03 1.635110725246620156e+00
1.383828749206144948e+03 2.974919055619293886e+03 1.634494991529369834e+00
1.383849582674483827e+03 2.977376992117250666e+03 1.634527957097200890e+00
1.383870416140960970e+03 2.974888495382978817e+03 1.634041939345436401e+00
1.383891249606971996e+03 2.978556687758483804e+03 1.635952717911587362e+00
1.383912083071119469e+03 2.970956655913575105e+03 1.634342334778284833e+00
1.383932916534336073e+03 2.974096300196063567e+03 1.634440874044974956e+00
1.383953749995690032e+03 2.975777873120357981e+03 1.635362887460040326e+00
1.383974583456577875e+03 2.972329519239117417e+03 1.634420014266613874e+00
1.383995416915603073e+03 2.974654390761079867e+03 1.634867274178827046e+00
1.384016250373697858e+03 2.974990159757800939e+03 1.634388651161731598e+00
1.384037083830860411e+03 2.976982874866024758e+03 1.634715891893968598e+00
1.384057917286161000e+03 2.975197073199216902e+03 1.634770729485385043e+00
1.384078750740529813e+03 2.974662246683791182e+03 1.633747690866089064e+00
1.384099584193967985e+03 2.973386498086670599e+03 1.634177189776386818e+00
1.384120417646009173e+03 2.974482934636779646e+03 1.633830870864684703e+00
1.384141251096653377e+03 2.975063126442342764e+03 1.635976327109270434e+00
1.384162084546365350e+03 2.974717384527054037e+03 1.633734702729668475e+00
1.384182917995145544e+03 2.974764648437500000e+03 1.635328189214014794e+00
1.384203751442529210e+03 2.974739183859846889e+03 1.634969135774713367e+00
1.384224584888516802e+03 2.973165901403142016e+03 1.637458069825050710e+00
1.384245418333573070e+03 2.975038007758844742e+03 1.633952860536286078e+00
1.384266251777697562e+03 2.972642562091095897e+03 1.634881274144424079e+00
1.384349585542088789e+03 2.975021364276839904e+03 1.636676578388125636e+00
1.384370418980625800e+03 2.974305974218965275e+03 1.634205566142986621e+00
1.384391252418230579e+03 2.972830339874459241e+03 1.634643768909899819e+00
1.384412085854438374e+03 2.974490550474410611e+03 1.634014143776349792e+00
1.384432919289250094e+03 2.969879253968188095e+03 1.633195603979932020e+00
1.384453752723595471e+03 2.972049190202305908e+03 1.633495060381092490e+00
1.384474586156543864e+03 2.972928398229409595e+03 1.633916819081263849e+00
1.384495419588561163e+03 2.971774124169132847e+03 1.635022433765737748e+00
1.384516253019181477e+03 2.976201839204702992e+03 1.634939460216866536e+00
1.384537086448870014e+03 2.971041870435516557e+03 1.634354078111524222e+00
1.384557919877628137e+03 2.970145087061623599e+03 1.633325304608496786e+00
1.384578753305454939e+03 2.973166282223359303e+03 1.633712885346763288e+00
1.384599586732349962e+03 2.973242562258800717e+03 1.634879961652742297e+00
1.384620420157848002e+03 2.973864613943919267e+03 1.634783417708578712e+00
1.384641253582880381e+03 2.973157119003369189e+03 1.634930637649850693e+00
1.384662087006514867e+03 2.976947171980785242e+03 1.634588854129960911e+00
1.384682920428754187e+03 2.973329375194819477e+03 1.634811856471805491e+00
1.384703753850527391e+03 2.975268201485861937e+03 1.634551878597401364e+00
1.384724587271368819e+03 2.972231159064338954e+03 1.635065887476826019e+00
1.384745420690814171e+03 2.971653260372511340e+03 1.633039467838630188e+00
1.384766254109326383e+03 2.969325124489836981e+03 1.632793152616946797e+00
1.384787087526908181e+03 2.971528718334131554e+03 1.633498928213337198e+00
1.384807920943558656e+03 2.972127052045804703e+03 1.634356412180128393e+00
1.384828754359276900e+03 2.974838851574676482e+03 1.634905700880663781e+00
1.384849587774065185e+03 2.973309374523544648e+03 1.634341021853796372e+00
1.384870421187921465e+03 2.972166612603849444e+03 1.633310561443064968e+00
1.384891254600845969e+03 2.972632949228580401e+03 1.633379605020611969e+00
1.384912088012375079e+03 2.971750911172005999e+03 1.633304868501985974e+00
1.384932921423438074e+03 2.974706963389962311e+03 1.634547211015096924e+00
1.384953754833104085e+03 2.971346696752097614e+03 1.633783663086938676e+00
1.384974588242303980e+03 2.975063551497978551e+03 1.633584529024258103e+00
1.384995421650106437e+03 2.971167089560700788e+03 1.635514136971391697e+00
1.385016255056978025e+03 2.970586422613833747e+03 1.634633923766352970e+00
1.385037088463383952e+03 2.971978594408568824e+03 1.633701940061644597e+00
1.385057921868393350e+03 2.974835550367422002e+03 1.634489448580988213e+00
1.385078755272470971e+03 2.973333904312262348e+03 1.633015962180469849e+00
1.385099588676083840e+03 2.974362710915994739e+03 1.633429378812637056e+00
1.385120422078298361e+03 2.975973340174065015e+03 1.635603203633735347e+00
1.385141255479582014e+03 2.976533130703528514e+03 1.636068210280422708e+00
1.385162088880400006e+03 2.977988312272798339e+03 1.635458595402525361e+00
1.385203755678776815e+03 2.974413683194642545e+03 1.633997655892529099e+00
1.385224589076336088e+03 2.974336182851544436e+03 1.633939655156179338e+00
1.385245422473427880e+03 2.975511358960419784e+03 1.633538335793450536e+00
1.385266255869124052e+03 2.973780287595409391e+03 1.633271367331369905e+00
1.385287089264354108e+03 2.974192558863639988e+03 1.634029172410472075e+00
1.385307922658652842e+03 2.977126233521643371e+03 1.635694597605290124e+00
1.385328756052021163e+03 2.975307635593260784e+03 1.634646977684613756e+00
1.385349589444456342e+03 2.975018965835595282e+03 1.633876180292765046e+00
1.385370422835961108e+03 2.975197889358419616e+03 1.634973875064539062e+00
1.385391256226535006e+03 2.975815236976459801e+03 1.634242330676998201e+00
1.385412089616177127e+03 2.975089886431010200e+03 1.633600729184450318e+00
1.385432923005354041e+03 2.973788279053426322e+03 1.633535635674780551e+00
1.385453756393133972e+03 2.972942205002354513e+03 1.633128888446369942e+00
1.385474589780447332e+03 2.975425695953680133e+03 1.633110055778442593e+00
1.385495423166364162e+03 2.974451443898826710e+03 1.634093662649842793e+00
1.385516256551814877e+03 2.973768040396520973e+03 1.633396026160706560e+00
1.385537089936336088e+03 2.972680828554532582e+03 1.633946805043740236e+00
1.385557923319925067e+03 2.972687365377812512e+03 1.633377342539481303e+00
1.385578756703047929e+03 2.973029851178446734e+03 1.633046840661701804e+00
1.385599590084773354e+03 2.974393734052322543e+03 1.633215530519921854e+00
1.385620423466033117e+03 2.974028591995541319e+03 1.634238099879879558e+00
1.385641256845896805e+03 2.973468442667544423e+03 1.633477180660185768e+00
1.385662090225294833e+03 2.973586736498922164e+03 1.637729305490047471e+00
1.385682923603761083e+03 2.970793256729589757e+03 1.633292825676626370e+00
1.385703756981762126e+03 2.971175106535646592e+03 1.632849222892774677e+00
1.385724590358365504e+03 2.973176313187657797e+03 1.633359461529965140e+00
1.385745423734502992e+03 2.973426988681816511e+03 1.633414490623277260e+00
1.385766257109709841e+03 2.974148514378882282e+03 1.634282741532018024e+00
1.385787090483986503e+03 2.975936234085560955e+03 1.634718808833451220e+00
1.385807923857331389e+03 2.971839020366817294e+03 1.633454921958644945e+00
1.385828757229743587e+03 2.971058666337253726e+03 1.633083850270637738e+00
1.385849590601690579e+03 2.965967163100399375e+03 1.632640263722584306e+00
1.385974590815212196e+03 2.974400406140043742e+03 1.634095997090412533e+00
1.385995424181106046e+03 2.973332930589122043e+03 1.634209067562812256e+00
1.386016257546534007e+03 2.979300254841622063e+03 1.635593145612020072e+00
1.386037090911031100e+03 2.974891974742010916e+03 1.634595126030816692e+00
1.386057924274596189e+03 2.976156266822679299e+03 1.634505858570987513e+00
1.386078757637229955e+03 2.974791258260399445e+03 1.634038948243906386e+00
1.386099590998931944e+03 2.973593454598265907e+03 1.634849992805964103e+00
1.386120424360169181e+03 2.975145378969904414e+03 1.634070609870143187e+00
1.386141257720475096e+03 2.977548746976687198e+03 1.634472017344493322e+00
1.386162091080315349e+03 2.976991114114617176e+03 1.635161248284659363e+00
1.386182924438759528e+03 2.975677797651234414e+03 1.634106064327167651e+00
1.386203757796736454e+03 2.975256407298830709e+03 1.635742697644509969e+00
1.386224591153782058e+03 2.975494687047932075e+03 1.635549560136506431e+00
1.386245424510362000e+03 2.975726590803900763e+03 1.636823919372448977e+00
1.386266257866011529e+03 2.977711118371468729e+03 1.635694889124939433e+00
1.386287091220729053e+03 2.977051016925761814e+03 1.635235462557417474e+00
1.386307924574516164e+03 2.977044674407072762e+03 1.636107191668689120e+00
1.386328757927836477e+03 2.975117042942505577e+03 1.634073819770349933e+00
1.386349591280225013e+03 2.975509651013397615e+03 1.634500607392112670e+00
1.386370424631683363e+03 2.977469075720605815e+03 1.636172911457818513e+00
1.386391257982676052e+03 2.976412744478394416e+03 1.634597751470540983e+00
1.386412091332272666e+03 2.973940482811254697e+03 1.634863044998974946e+00
1.386432924681867917e+03 2.976553007230010280e+03 1.634694014681941310e+00
1.386453758030066183e+03 2.977604697889077670e+03 1.635385484661387778e+00
1.386474591377798788e+03 2.974940166797172424e+03 1.635929618459404988e+00
1.386495424724600070e+03 2.975289345447484720e+03 1.635020100647911034e+00
1.386516258070936601e+03 2.974403054272258032e+03 1.636626393482416564e+00
1.386537091416340900e+03 2.977036871856665130e+03 1.636478816178810858e+00
1.386557924760813421e+03 2.975421469485058878e+03 1.634553410144940822e+00
1.386578758104355074e+03 2.978141242887208591e+03 1.635282847119050365e+00
1.386599591447431067e+03 2.974741734944033851e+03 1.634389307604977137e+00
1.386620424789577100e+03 2.978491660672914350e+03 1.634762635222587024e+00
1.386641258131257018e+03 2.974554893103784707e+03 1.635217674767512452e+00
1.386662091472005159e+03 2.976910289465089591e+03 1.634731424536777444e+00
1.386682924811821522e+03 2.979633913077322632e+03 1.635447005782187935e+00
1.386703758151171542e+03 2.974629338407406067e+03 1.634741633705190766e+00
1.386724591489125942e+03 2.975893934396000986e+03 1.635314120177594921e+00
1.386745424827080114e+03 2.975000080215034359e+03 1.634273258930135642e+00
1.386766258163636849e+03 2.977841531414133442e+03 1.636750796785010564e+00
1.386787091500194492e+03 2.974349497704927671e+03 1.637505681268285995e+00
1.386807924835354470e+03 2.974565924381741752e+03 1.634516360878125685e+00
1.386828758170047877e+03 2.979265563744152587e+03 1.635727976267557837e+00
1.386849591503811098e+03 2.978220665121745242e+03 1.636325980244476508e+00
1.386870424836642997e+03 2.976517565139072758e+03 1.636846059431928291e+00
1.386891258169009461e+03 2.979865404850475443e+03 1.635777970107686663e+00
1.386912091500909355e+03 2.974563447697481479e+03 1.636207227504850925e+00
1.386932924831412038e+03 2.977599859510754413e+03 1.635109048409068233e+00
1.386953758161450423e+03 2.974619109780648614e+03 1.634739518954112292e+00
1.386974591491023602e+03 2.974373509441799342e+03 1.634741925394780138e+00
1.386995424819664095e+03 2.971863023198561677e+03 1.634135390272061894e+00
1.387016258147374174e+03 2.974891876121467703e+03 1.635187055987432858e+00
1.387037091474151566e+03 2.973910047701881922e+03 1.635337811490466864e+00
1.387057924800462843e+03 2.975938896201828356e+03 1.635351807427874782e+00
1.387078758126309822e+03 2.972417468631265365e+03 1.634791949389492238e+00
1.387099591451226388e+03 2.977444471707430239e+03 1.636647953514339449e+00
1.387120424775211177e+03 2.976513058309192729e+03 1.635102997198385477e+00
1.387141258098264188e+03 2.976783156038490688e+03 1.635321409848881080e+00
1.387162091421316518e+03 2.980254412318240611e+03 1.636736011641709343e+00
1.387182924742971863e+03 2.975967443589112918e+03 1.634932970895344839e+00
1.387203758064162002e+03 2.974602375021718672e+03 1.637146450051621294e+00
1.387224591384421501e+03 2.974463934803068241e+03 1.635538481368963737e+00
1.387245424704215566e+03 2.976557153551449574e+03 1.635562898289972589e+00
1.387266258023077626e+03 2.978125010455557458e+03 1.635672223317174101e+00
1.387287091341007454e+03 2.975161713724626679e+03 1.636306310140827280e+00
1.387307924658472075e+03 2.977173770120562494e+03 1.636760920525310636e+00
1.387328757975471035e+03 2.974554652070952216e+03 1.637955810356029440e+00
1.387349591291539582e+03 2.975885080339485739e+03 1.636780876491882752e+00
1.387370424606676806e+03 2.978477718197993909e+03 1.640114550427923756e+00
1.387391257921347915e+03 2.977945477190290603e+03 1.638172532796115854e+00
1.387412091235087019e+03 2.975571279485847754e+03 1.636406625197451392e+00
1.387432924547894800e+03 2.976092488267244335e+03 1.635909579238254086e+00
1.387453757860237602e+03 2.975981324604826568e+03 1.635620987230916867e+00
1.387474591172114970e+03 2.974876890487350465e+03 1.636247152700489593e+00
1.387495424483061470e+03 2.976869349805741876e+03 1.636601191193166827e+00
1.387516257793075511e+03 2.977355645903116510e+03 1.636059029481888416e+00
1.387537091102622981e+03 2.974805676180749742e+03 1.635805371331004787e+00
1.387557924411240947e+03 2.977612289637944741e+03 1.636772646505951778e+00
1.387578757719393025e+03 2.973665063655676477e+03 1.635362231407595068e+00
1.387599591026614007e+03 2.979250059606055402e+03 1.636169049946753606e+00
1.387620424332902985e+03 2.975840840158700757e+03 1.635586950422935670e+00
1.387641257638726074e+03 2.974806195421228040e+03 1.636352789486471337e+00
1.387662090944083047e+03 2.974466044780331686e+03 1.635521790189321312e+00
1.387682924248510062e+03 2.974749557084224307e+03 1.635406405017836518e+00
1.387703757552005527e+03 2.977451466951636576e+03 1.637590271885745352e+00
1.387724590855035785e+03 2.974530476567270398e+03 1.636851448743191773e+00
1.387787090759466537e+03 2.975675752756135353e+03 1.635626890759364516e+00
1.387807924059703055e+03 2.975941122526719028e+03 1.635338686240064066e+00
1.387828757359006886e+03 2.978908097946472935e+03 1.636561420317215854e+00
1.387849590657845965e+03 2.974188817219315297e+03 1.635938799984186787e+00
1.387870423955752813e+03 2.975656890654918698e+03 1.636055386293588709e+00
1.387891257253194453e+03 2.976014548274300068e+03 1.636790854383929128e+00
1.387912090549704999e+03 2.975628493349427572e+03 1.635912639789730338e+00
1.387932923845748974e+03 2.975037518334447668e+03 1.636491636847534847e+00
1.387953757140861853e+03 2.978684423216308005e+03 1.636568631591732048e+00
1.387974590435043865e+03 2.977794862469382679e+03 1.636717293313045163e+00
1.387995423729225877e+03 2.979415720711791892e+03 1.636383313604975465e+00
1.388016257022010905e+03 2.975876296050226301e+03 1.635918469395749586e+00
1.388037090314329816e+03 2.975786948924117496e+03 1.635939455805413667e+00
1.388057923606183977e+03 2.977357705061151592e+03 1.636261359423788253e+00
1.388078756897107496e+03 2.977230891093319315e+03 1.636761211855039866e+00
1.388099590187098784e+03 2.977465895341010309e+03 1.637710598514305227e+00
1.388120423476623500e+03 2.976114926596274472e+03 1.637614949392299790e+00
1.388141256765682101e+03 2.978646134919405995e+03 1.637304524409511242e+00
1.388162090053811426e+03 2.975609085986560331e+03 1.636621804655180146e+00
1.388182923341475089e+03 2.975558876406239506e+03 1.635759386570027729e+00
1.388203756628206065e+03 2.978587754661519284e+03 1.637278313226978144e+00
1.388224589914006174e+03 2.977133526692624855e+03 1.636294362258734036e+00
1.388245423199340166e+03 2.976833785778139372e+03 1.637842634622928006e+00
1.388266256484208952e+03 2.977142449490370382e+03 1.636568922955691008e+00
1.388287089768145961e+03 2.975899589182275122e+03 1.637701062969741717e+00
1.388307923051617990e+03 2.976960703418272715e+03 1.638416074808805911e+00
1.388328756334158925e+03 2.977667747977203817e+03 1.637221084020177519e+00
1.388349589615768991e+03 2.978962372206472082e+03 1.639194991554364877e+00
1.388370422897377466e+03 2.976971479278142851e+03 1.637174338069230073e+00
1.388391256177589185e+03 2.977503582703287975e+03 1.637661901143415255e+00
1.388412089457335469e+03 2.978407998364754803e+03 1.638530156733139176e+00
1.388432922736617002e+03 2.975409348147737546e+03 1.636084458710284739e+00
1.388453756014966530e+03 2.976522613742602516e+03 1.637167784791865088e+00
1.388474589292849487e+03 2.975093052187598460e+03 1.636886697314438699e+00
1.388495422570267692e+03 2.977410070402112069e+03 1.636630909458563821e+00
1.388516255846289823e+03 2.979516562169971621e+03 1.637036713735498417e+00
1.388537089122311045e+03 2.976376071314288765e+03 1.637501386103152656e+00
1.388557922397400489e+03 2.976887098786279694e+03 1.636667473838798736e+00
1.388578755671559520e+03 2.977248878223497286e+03 1.638259563020538989e+00
1.388599588945252435e+03 2.977675976407497274e+03 1.640494205165814456e+00
1.388620422218479007e+03 2.977009903098289215e+03 1.638405306461800937e+00
1.388641255490775620e+03 2.976873881323270780e+03 1.637885795165823444e+00
1.388662088762141138e+03 2.975884582642810074e+03 1.636903738706855238e+00
1.388682922033040086e+03 2.973897184241913692e+03 1.636511887471922444e+00
1.388703755303472917e+03 2.976613209296202513e+03 1.636904102837235753e+00
1.388724588572974881e+03 2.980500250801519542e+03 1.637259091426429114e+00
1.388745421842011183e+03 2.975137634021348276e+03 1.637890234887340313e+00
1.388766255110580914e+03 2.978286411013855741e+03 1.641011147242127821e+00
1.388787088377755481e+03 2.974348131612692669e+03 1.636741619815235360e+00
1.388807921644930047e+03 2.976067197030946318e+03 1.640303880055141050e+00
1.388828754911171927e+03 2.977457963064812702e+03 1.637823492230548794e+00
1.388849588176482484e+03 2.975781380015815103e+03 1.637016906529802585e+00
1.388870421441793496e+03 2.973925795505719634e+03 1.637542153318210847e+00
1.388891254696394526e+03 2.974582455251417286e+03 1.636862154484553189e+00
1.388912087959843120e+03 2.978783120865077308e+03 1.638089791581402554e+00
1.388932921222826508e+03 2.977120553399073287e+03 1.637995984041090702e+00
1.388953754484878118e+03 2.973682552636405035e+03 1.636343391731531538e+00
1.388974587746462930e+03 2.976418406715945821e+03 1.637463238718444236e+00
1.388995421007117329e+03 2.974633810221555905e+03 1.636500960907157243e+00
1.389016254267306977e+03 2.976119991585410844e+03 1.636981879230144932e+00
1.389037087527030053e+03 2.975552825431186193e+03 1.637363643647337774e+00
1.389057920785820897e+03 2.976590693299193845e+03 1.637418902187105063e+00
1.389078754044146990e+03 2.977282901350310112e+03 1.637602719878009871e+00
1.389099587301542215e+03 2.978048160589170038e+03 1.638291579665552611e+00
1.389120420558470869e+03 2.977580875573648882e+03 1.637193342425251608e+00
1.389162087070467805e+03 2.976746169776579336e+03 1.638028369718437238e+00
1.389182920325533814e+03 2.978651272659137703e+03 1.638017889928877091e+00
1.389203753579668955e+03 2.975801168377542581e+03 1.637691163414355167e+00
1.389224586833338435e+03 2.974516450682741834e+03 1.639238334657306284e+00
1.389245420086077047e+03 2.975934518766284782e+03 1.638334291806462950e+00
1.389266253338349543e+03 2.977360269766411875e+03 1.637879754213939831e+00
1.389287086590156832e+03 2.977019616298945948e+03 1.638931126598043964e+00
1.389307919841032344e+03 2.972380540321871194e+03 1.637013702400478943e+00
1.389328753091442195e+03 2.977336501951476748e+03 1.638062574120603854e+00
1.389349586340921178e+03 2.977895973619617507e+03 1.638320103058636068e+00
1.389370419589933590e+03 2.975107218649232891e+03 1.638047073065139525e+00
1.389391252838481023e+03 2.977038173549041858e+03 1.638828492892658195e+00
1.389432919333247810e+03 2.976383280903032301e+03 1.638407198203561510e+00
1.389453752579467164e+03 2.975352759781016630e+03 1.638582975138077602e+00
1.389474585825219947e+03 2.975519629931292002e+03 1.638236132261090328e+00
1.389495419070507069e+03 2.976216766972548612e+03 1.639512038791358428e+00
1.389516252314864005e+03 2.974382840250006666e+03 1.638445105337666297e+00
1.389537085558754825e+03 2.974441623693014662e+03 1.637718823786770361e+00
1.389557918801714095e+03 2.974305598245665351e+03 1.638754950544269118e+00
1.389578752044208159e+03 2.973920645279866676e+03 1.638073199172481509e+00
1.389599585286236106e+03 2.973838771456219092e+03 1.638072980850191041e+00
1.389620418527332959e+03 2.975999457080415141e+03 1.638949310496425671e+00
1.389641251767965059e+03 2.976844131818549158e+03 1.639499459874144804e+00
1.389662085008129907e+03 2.975808402799683336e+03 1.638632445378200853e+00
1.389682918247363887e+03 2.975852347886419011e+03 1.638625534184405375e+00
1.389703751486132205e+03 2.976210546063181027e+03 1.639153465459609382e+00
1.389724584723969201e+03 2.975099461436044294e+03 1.642170786386908610e+00
1.389745417961340536e+03 2.977746912941173377e+03 1.639660360941608053e+00
1.389766251198247119e+03 2.977045157087111420e+03 1.640352935031008430e+00
1.389787084434221924e+03 2.976459144453953286e+03 1.640372265922246386e+00
1.389807917669730614e+03 2.979375614272860730e+03 1.639784315975894469e+00
1.389828750904307071e+03 2.975631738394414697e+03 1.640225679756550203e+00
1.389849584138884893e+03 2.974780868227262545e+03 1.639666831553503235e+00
1.389870417372066186e+03 2.973319464410721139e+03 1.639289166802748943e+00
1.389891250605247023e+03 2.975038704583482740e+03 1.641471281220458378e+00
1.389912083837496539e+03 2.974541575449258289e+03 1.639458086916558921e+00
1.389932917069279483e+03 2.973015051665142892e+03 1.641595389985978759e+00
1.389953750300131560e+03 2.975370555478382357e+03 1.641388197903543178e+00
1.389995416760439184e+03 2.976179169596388874e+03 1.639839202162136855e+00
1.390016249989428616e+03 2.975769533722308552e+03 1.639809251252463129e+00
1.390057916446010495e+03 2.974046518423279849e+03 1.639675119715708007e+00
1.390078749673138191e+03 2.975907596593630842e+03 1.640847690545940374e+00
1.390099582899798861e+03 2.971981007379744369e+03 1.639424347914657742e+00
1.390120416125995007e+03 2.975085688634811504e+03 1.640714661100951766e+00
1.390141249351259830e+03 2.976904378923524746e+03 1.640896947211060386e+00
1.390162082576057855e+03 2.977365206277129801e+03 1.640588305834999483e+00
1.390182915799925013e+03 2.976684622208296787e+03 1.640347702570143618e+00
1.390203749023792170e+03 2.974019606951632340e+03 1.640245230180723768e+00
1.390224582246728460e+03 2.973310286990033546e+03 1.639641167066221650e+00
1.390287081911346377e+03 2.973995167314559239e+03 1.640310784177487768e+00
1.390307915131953450e+03 2.976737074606376609e+03 1.641887651212500465e+00
1.390328748351630566e+03 2.974555239109216018e+03 1.642599969779868552e+00
1.390349581570841110e+03 2.977127456119897488e+03 1.643231600977751450e+00
1.390370414789586448e+03 2.976964015695854869e+03 1.641165508062339073e+00
1.390391248007400918e+03 2.975248703624374230e+03 1.641523496642648405e+00
1.390412081224748363e+03 2.978085538130066652e+03 1.641422840671858285e+00
1.390432914441631056e+03 2.978630046150346061e+03 1.642963377852642681e+00
1.390453747657581971e+03 2.975335038771763266e+03 1.640814270727665170e+00
1.390474580873533341e+03 2.978129661866591505e+03 1.641871895847065277e+00
1.390495414088086818e+03 2.975119187246104957e+03 1.642399291691764462e+00
1.390516247302642114e+03 2.977388309113450305e+03 1.642116631485896594e+00
1.390537080516264496e+03 2.977214233888343642e+03 1.641920903975989443e+00
1.390557913729421671e+03 2.973455902667137707e+03 1.641986971878983015e+00
1.390578746941646841e+03 2.976820295156005159e+03 1.642214559083494452e+00
1.390599580153873376e+03 2.976595484855804898e+03 1.643573618081151988e+00
1.390620413365169043e+03 2.974989259722970928e+03 1.641485079615883302e+00
1.390641246575531568e+03 2.976208477787140509e+03 1.642205703010175766e+00
1.390662079785894093e+03 2.974758122758835270e+03 1.641897815884160172e+00
1.390682912995326205e+03 2.978405464544242932e+03 1.643607997199716175e+00
1.390703746204292656e+03 2.976181239853731313e+03 1.641866958650748165e+00
1.390724579412327785e+03 2.979467324208188074e+03 1.643084616935672093e+00
1.390745412620362913e+03 2.976302992900641129e+03 1.641971435270536128e+00
1.390766245827466491e+03 2.976930148985960386e+03 1.643848920971339611e+00
1.390787079033638520e+03 2.974879692354519648e+03 1.642000693340828876e+00
1.390807912239811003e+03 2.976208514358226694e+03 1.643382634061098413e+00
1.390828745445051936e+03 2.974210712683856400e+03 1.643061617749337344e+00
1.390849578649827890e+03 2.973991417327662020e+03 1.642383904149952389e+00
1.390870411854137501e+03 2.977202637391035751e+03 1.643520814996506818e+00
1.390891245057515334e+03 2.975957889435291236e+03 1.642712745184850887e+00
1.390912078260427961e+03 2.973044437435743475e+03 1.643760228578486027e+00
1.390932911462874927e+03 2.975037894229722497e+03 1.642968166639629857e+00
1.390953744664856004e+03 2.977932689134284374e+03 1.643661522750422987e+00
1.390974577865906667e+03 2.974995688082480228e+03 1.642677549058817910e+00
1.390995411066491215e+03 2.977139544061630659e+03 1.643747319556541964e+00
1.391016244266610101e+03 2.978694558447293730e+03 1.643827455385517000e+00
1.391037077466261962e+03 2.977485026708432542e+03 1.643856752939616861e+00
1.391057910664984320e+03 2.976900240936243335e+03 1.643889095672655065e+00
1.391078743863241016e+03 2.973265060707513385e+03 1.642265226519154186e+00
1.391099577061031596e+03 2.974766466897783630e+03 1.642410251598258153e+00
1.391120410258355605e+03 2.978400587418175292e+03 1.643553599528940312e+00
1.391141243454748974e+03 2.973721801320247323e+03 1.643285283875091318e+00
1.391162076650677136e+03 2.973328746034426331e+03 1.643479833411286339e+00
1.391182909846139410e+03 2.975615770986778443e+03 1.642976655818621623e+00
1.391203743041136022e+03 2.975215241904731101e+03 1.643419773595928834e+00
1.391224576235666973e+03 2.974725181141714984e+03 1.643092742754195257e+00
1.391245409429265919e+03 2.976523796038180535e+03 1.643688067295674626e+00
1.391266242622399659e+03 2.973922769323589364e+03 1.642492775168125974e+00
1.391287075815067965e+03 2.974914877752690245e+03 1.643144036056160440e+00
1.391307909006805403e+03 2.975025246667347346e+03 1.642630305238184096e+00
1.391328742198541931e+03 2.975562825431490182e+03 1.643625404074129825e+00
1.391349575389348502e+03 2.975452863664452707e+03 1.643056974341427612e+00
1.391370408579687592e+03 2.975163641350085527e+03 1.642538643996385384e+00
1.391391241769561475e+03 2.973889351155375607e+03 1.643701339407547701e+00
1.391412074958970152e+03 2.976580394879403684e+03 1.642622322277153435e+00
1.391432908147447506e+03 2.978788933979597005e+03 1.643439431095965464e+00
1.391453741335459654e+03 2.972863816069158929e+03 1.643405773830774574e+00
1.391474574523005685e+03 2.975250086201729118e+03 1.644234746086469690e+00
1.391495407710085601e+03 2.975747178989939130e+03 1.642286276999825656e+00
1.391516240896699401e+03 2.974135395718766631e+03 1.642242288446809084e+00
1.391537074082382787e+03 2.978270854103334386e+03 1.642935733218535921e+00
1.391578740452819602e+03 2.977396220785754849e+03 1.643313502965185968e+00
1.391599573637106005e+03 2.977499699832032093e+03 1.643566945257506351e+00
1.391620406820925837e+03 2.974763230597055554e+03 1.641970636655849081e+00
1.391641240003814801e+03 2.976867583038410885e+03 1.643081279534279737e+00
1.391662073186704674e+03 2.973681865090058182e+03 1.641667134951348750e+00
1.391682906368662998e+03 2.977519939806092680e+03 1.642775806048405451e+00
1.391703739550155660e+03 2.977453050730789073e+03 1.643246617856789715e+00
1.391724572731647640e+03 2.973748066214199753e+03 1.641466633313778622e+00
1.391745405911742637e+03 2.977705183440065866e+03 1.642348628392095167e+00
1.391766239091838088e+03 2.978286487954065706e+03 1.644942424775349243e+00
1.391787072271467878e+03 2.976942884090255120e+03 1.641886852557060683e+00
1.391807905450165890e+03 2.975623556593629473e+03 1.641422187041487568e+00
1.391849571806631957e+03 2.977255419977724159e+03 1.641719489369271701e+00
1.391870404983932985e+03 2.976209164039926691e+03 1.642173254530193249e+00
1.391891238160769490e+03 2.977997688803789970e+03 1.645553017739596946e+00
1.391912071337139423e+03 2.975886139506260406e+03 1.641163692137087793e+00
1.391932904513043923e+03 2.977616719778633069e+03 1.642611871796803236e+00
1.391953737688017100e+03 2.975201935670289913e+03 1.642234666548056721e+00
1.391974570862989822e+03 2.976235553712313958e+03 1.640499364492937984e+00
1.391995404037030994e+03 2.973472053589076495e+03 1.640199805974466241e+00
1.392016237211073530e+03 2.976742225124102788e+03 1.641297556761211585e+00
1.392037070384184517e+03 2.978806018918751306e+03 1.641692912994068720e+00
1.392057903556829842e+03 2.975011351032805578e+03 1.640046953366526727e+00
1.392078736729009051e+03 2.974968622626683100e+03 1.641203060946119230e+00
1.392099569900721917e+03 2.977270244456176442e+03 1.641240322436050336e+00
1.392120403071969577e+03 2.974779801926023083e+03 1.640226842613576652e+00
1.392141236242751802e+03 2.974801575590257016e+03 1.640186650889422282e+00
1.392162069413068366e+03 2.975237777689309951e+03 1.640849724773771223e+00
1.392182902582919951e+03 2.975363246489829180e+03 1.640152345419938040e+00
1.392203735751839076e+03 2.974831310466826380e+03 1.640391959941837063e+00
1.392224568920757974e+03 2.974969833371222194e+03 1.641164563781459140e+00
1.392245402089211893e+03 2.972655247293039793e+03 1.640573409949654726e+00
1.392307901590850179e+03 2.974259173086760256e+03 1.639195791521343537e+00
1.392349567923100039e+03 2.972458080510756190e+03 1.638995205758736251e+00
1.392370401088294329e+03 2.974157936675459041e+03 1.639195427900038027e+00
1.392391234253489529e+03 2.974351495341884402e+03 1.640896220722317889e+00
1.392412067417752496e+03 2.975846965070505576e+03 1.639366539174511361e+00
1.392432900582015463e+03 2.976976799826296883e+03 1.642986668640028070e+00
1.392453733745346653e+03 2.975773750175410896e+03 1.638620732706292493e+00
1.392474566908212637e+03 2.978379672088577081e+03 1.639832950318401039e+00
1.392495400071079075e+03 2.973747455038547287e+03 1.638850605871343014e+00
1.392516233233014191e+03 2.976389483313703295e+03 1.639733571880602536e+00
1.392537066394948397e+03 2.973711165758954394e+03 1.637774943791121096e+00
1.392557899555952190e+03 2.976531956126259502e+03 1.639001751729460832e+00
1.392578732716955074e+03 2.975727223404243887e+03 1.638978331580308145e+00
1.392599565877027089e+03 2.975425456013877465e+03 1.638546089737102474e+00
1.392620399037099105e+03 2.975161577631843102e+03 1.638675366876494177e+00
1.392641232196705460e+03 2.975620981661616952e+03 1.638439794026219865e+00
1.392662065355380946e+03 2.973431146626636291e+03 1.638483739153507424e+00
1.392682898514055069e+03 2.977297555838299559e+03 1.638211827951549182e+00
1.392703731672264894e+03 2.974119775767303963e+03 1.639053609440258796e+00
1.392724564830009058e+03 2.973283166190923112e+03 1.638354301370200439e+00
1.392787064300912334e+03 2.976961496547520710e+03 1.637886013513064620e+00
1.392807897456792944e+03 2.975158590759817343e+03 1.637371506636361662e+00
1.392828730612673553e+03 2.977193450254284926e+03 1.637654330719532147e+00
1.392849563767623522e+03 2.978307558684875403e+03 1.637834919465081418e+00
1.392870396922573946e+03 2.978424999146614937e+03 1.638127196658690776e+00
1.392891230077058026e+03 2.974958338741193529e+03 1.637816650408657537e+00
1.392912063231076900e+03 2.980447738235217003e+03 1.638926616960024063e+00
1.392932896384630112e+03 2.975439746092999485e+03 1.637106910873011412e+00
1.392953729537715844e+03 2.981136188218255484e+03 1.639282331098098178e+00
1.392974562690803396e+03 2.976505792097700123e+03 1.637730979644774321e+00
1.392995395842960079e+03 2.977157703854038573e+03 1.637379296782695004e+00
1.393016228995115853e+03 2.977426890482245653e+03 1.637879026386907855e+00
1.393037062146806420e+03 2.978300631343536224e+03 1.637464913145199708e+00
1.393057895298496078e+03 2.978404351272155509e+03 1.637432661928750699e+00
1.393078728449254868e+03 2.978630285611509862e+03 1.637594130045513241e+00
1.393099561600013658e+03 2.973789721845346776e+03 1.638494506985045174e+00
1.393120394750307469e+03 2.976722460674886406e+03 1.637984485152177205e+00
1.393141227900135164e+03 2.977199690802514397e+03 1.636947288125913724e+00
1.393162061049496970e+03 2.976560284518803655e+03 1.637567268329406023e+00
1.393182894198859003e+03 2.978383001279107702e+03 1.638406907166509718e+00
1.393203727347754921e+03 2.976632719827328401e+03 1.636544958096729507e+00
1.393224560496185404e+03 2.975920148332443205e+03 1.638859189118211601e+00
1.393245393644151136e+03 2.972984264043605890e+03 1.636018298175023755e+00
1.393266226792115958e+03 2.976590040385760858e+03 1.637803330609588048e+00
1.393287059939614664e+03 2.975689913757731574e+03 1.639449870370138784e+00
1.393307893086647937e+03 2.975307198205290661e+03 1.636465704027360246e+00
1.393328726233682119e+03 2.978073604755677934e+03 1.637781640213153311e+00
1.393349559380249502e+03 2.978041810534064552e+03 1.636659388956539951e+00
1.393370392526352589e+03 2.976494144489479368e+03 1.639637095609224104e+00
1.393391225672454993e+03 2.976272026318045391e+03 1.637022222457801268e+00
1.393412058818090827e+03 2.978340091655385550e+03 1.636522741120697066e+00
1.393432891963727343e+03 2.977183008790931581e+03 1.636356723414374548e+00
1.393453725108899107e+03 2.974558747033807776e+03 1.635795095926049214e+00
1.393474558253604073e+03 2.978865360898774270e+03 1.638452890379494598e+00
1.393495391397844514e+03 2.976631337118159990e+03 1.636617798525644707e+00
1.393516224542549935e+03 2.977531240930531567e+03 1.637032490160269305e+00
1.393537057686322896e+03 2.976811109933996704e+03 1.636005182332642471e+00
1.393557890830096994e+03 2.973666050816056213e+03 1.636547361882611851e+00
1.393578723973404976e+03 2.975734027262407835e+03 1.636299243416226901e+00
1.393599557116713640e+03 2.975539421340405170e+03 1.637728359227923036e+00
1.393620390260022532e+03 2.976413373590082301e+03 1.636691582574908210e+00
1.393641223402865990e+03 2.977471889340966754e+03 1.639051063868625091e+00
1.393662056545242649e+03 2.976940737117285607e+03 1.638411272716857825e+00
1.393682889687618626e+03 2.978190431974606781e+03 1.640739582238523120e+00
1.397162024186452072e+03 2.976600882801454190e+03 1.632198090377417810e+00
1.397182857255213094e+03 2.975503145496813431e+03 1.631684931508991188e+00
1.397203690322577586e+03 2.977289489756984949e+03 1.632232928198031674e+00
1.397224523388544640e+03 2.976577646967549299e+03 1.632299753382876251e+00
1.397245356452183842e+03 2.978330644441982258e+03 1.632580389289693290e+00
1.397266189514426060e+03 2.973898233993095801e+03 1.631870417798496620e+00
1.397287022574805178e+03 2.975995558540663751e+03 1.632602221806780829e+00
1.397307855633788222e+03 2.976161074410350011e+03 1.632268203472587054e+00
1.397328688691373372e+03 2.977450849929674860e+03 1.632846375620484736e+00
1.397349521746630217e+03 2.976206816897499266e+03 1.633475867040319995e+00
1.397370354800957102e+03 2.975406895491984415e+03 1.632656911345486739e+00
1.397391187853419524e+03 2.975819558065125875e+03 1.632445590761377963e+00
1.397412020904020210e+03 2.975015216804251395e+03 1.632643914531611617e+00
1.397432853953223457e+03 2.974609106547390638e+03 1.631902705892052552e+00
1.397453687001030175e+03 2.976448888282957796e+03 1.632108910932908996e+00
1.397474520047439910e+03 2.974494399309208802e+03 1.631323541613148187e+00
1.397495353091986544e+03 2.974974138556214257e+03 1.631536980301341533e+00
1.397516186135136650e+03 2.977672793121279028e+03 1.632385271022109841e+00
1.397537019176889999e+03 2.978257011008486643e+03 1.633174655303949008e+00
1.397557852217246364e+03 2.980038168896447587e+03 1.632529494295172690e+00
1.397578685256205972e+03 2.975467869712211268e+03 1.631959098948521092e+00
1.397599518293302026e+03 2.974590887633180500e+03 1.631809565424056530e+00
1.397620351329001096e+03 2.974849292983659780e+03 1.631922940412387835e+00
1.397641184363304092e+03 2.977355525880637742e+03 1.631852593328373846e+00
1.397662017396675083e+03 2.976143351276482917e+03 1.632392135608464079e+00
1.397682850428182974e+03 2.976791897718220753e+03 1.631616985212809290e+00
1.397703683458295018e+03 2.975696648770158390e+03 1.631535884316411167e+00
1.397724516487009623e+03 2.975373902120546063e+03 1.631510238058857309e+00
1.397745349514326790e+03 2.974321207627257536e+03 1.631478892085470589e+00
1.397766182540712634e+03 2.975399660062458679e+03 1.631768143602239096e+00
1.397787015565235833e+03 2.974939051421610657e+03 1.633972558971254374e+00
1.397807848588829074e+03 2.976636265479737176e+03 1.631858364387144933e+00
1.397828681610558533e+03 2.974912236180276977e+03 1.631167080112705170e+00
1.397849514631356215e+03 2.975773280420063202e+03 1.631918703602181830e+00
1.397870347650758049e+03 2.979927051548089366e+03 1.633994226975439057e+00
1.397891180668761990e+03 2.975823082948612864e+03 1.632214523404318829e+00
1.397912013685835063e+03 2.974675562926151542e+03 1.631311776463968632e+00
1.397932846701046401e+03 2.974502635367241510e+03 1.631445426488794981e+00
1.397953679715325961e+03 2.976841763923599501e+03 1.632751244669065960e+00
1.397974512728672835e+03 2.978294156963693240e+03 1.633407119459692858e+00
1.397995345740157973e+03 2.975752494832096545e+03 1.631162037432654976e+00
1.398016178750710878e+03 2.974223059493333949e+03 1.631605660555017767e+00
1.398037011759869074e+03 2.973859041217733647e+03 1.630468630093842908e+00
1.398057844768094128e+03 2.974580352412451248e+03 1.631154509924735097e+00
1.398078677774922198e+03 2.976293908078958793e+03 1.631420582588779089e+00
1.398099510780354194e+03 2.974969572340124614e+03 1.631691579865569786e+00
1.398120343784853958e+03 2.975296634660901873e+03 1.630892852622335631e+00
1.398141176787957193e+03 2.977216883443330062e+03 1.632053253478369603e+00
1.398162009790128650e+03 2.975695333772435333e+03 1.631576216076894736e+00
1.398182842790903578e+03 2.973951947295928676e+03 1.630859228808002381e+00
1.398203675790282887e+03 2.975227190316452379e+03 1.631119722155351282e+00
1.398224508789194488e+03 2.976524628316280996e+03 1.631469758530033731e+00
1.398245341786243898e+03 2.977770431998188087e+03 1.631749368285543067e+00
1.398266174782363123e+03 2.974687473506766764e+03 1.630674943374772479e+00
1.398287007777548979e+03 2.974701170143220679e+03 1.630894679983688089e+00
1.398307840771339215e+03 2.973341496522468333e+03 1.631424674551277265e+00
1.398328673764196992e+03 2.974135051928833946e+03 1.630788543442172056e+00
1.398349506755659149e+03 2.978258720350199837e+03 1.631517910058505771e+00
1.398370339746189075e+03 2.975486820289796015e+03 1.632317280847318308e+00
1.398391172735789041e+03 2.975420260937151397e+03 1.630955127943136684e+00
1.398412005723991115e+03 2.975913867639807449e+03 1.631450176014838549e+00
1.398432838711261866e+03 2.978309304892140517e+03 1.631700273829453041e+00
1.398453671697601521e+03 2.972447216606617076e+03 1.630351059325842789e+00
1.398474504682543511e+03 2.973737281226015057e+03 1.630519296971185916e+00
1.398495337666554406e+03 2.972915745051801878e+03 1.631175849953922175e+00
1.398516170649168089e+03 2.974353475710601288e+03 1.630923405835075890e+00
1.398557836612068058e+03 2.978866219468136478e+03 1.632029149267324675e+00
1.398578669591423022e+03 2.974281020483380871e+03 1.630806598837299060e+00
1.398599502570312779e+03 2.974881023944298704e+03 1.631334064407610862e+00
1.398620335547804643e+03 2.977260528396735936e+03 1.631438338708831814e+00
1.398641168524365185e+03 2.974443738356771064e+03 1.630568646312170467e+00
1.398662001499993949e+03 2.976830485480204516e+03 1.632854917422459806e+00
1.398682834474225956e+03 2.977483311609751127e+03 1.631791448072280826e+00
1.398745333391801069e+03 2.974907794342189391e+03 1.630768075546027207e+00
1.398766166361842807e+03 2.978641168250765531e+03 1.633237938463117489e+00
1.398786999331417974e+03 2.973535634045908409e+03 1.630198599529355086e+00
1.398807832299596157e+03 2.975361456008120058e+03 1.630527266076998938e+00
1.398828665267310043e+03 2.973461823090678990e+03 1.631452952654428579e+00
1.398849498233625127e+03 2.975990228387501702e+03 1.631153121351518021e+00
1.398870331199010479e+03 2.976619613584140097e+03 1.631242426127539780e+00
1.398891164163464055e+03 2.977136844828228277e+03 1.631763906390109486e+00
1.398911997126519964e+03 2.975543822593668210e+03 1.631065346508624447e+00
1.398932830089111121e+03 2.978458098655652066e+03 1.631467566469120500e+00
1.398953663050770047e+03 2.978435198434154699e+03 1.631895912296475570e+00
1.398974496011031988e+03 2.975715491960345844e+03 1.631784288740726563e+00
1.398995328970829632e+03 2.975311432529629201e+03 1.631399538048092790e+00
1.399016161929230066e+03 2.975470678756817961e+03 1.631837836857437329e+00
1.399036994886697812e+03 2.973382588834266244e+03 1.631909353361423953e+00
1.399057827843700579e+03 2.974348261410807027e+03 1.631400487981126801e+00
1.399078660799305908e+03 2.978703266175103181e+03 1.633760314068273267e+00
1.399099493753980823e+03 2.976498428250278266e+03 1.632951867393449774e+00
1.399120326707723962e+03 2.973790391870260009e+03 1.631153194434348253e+00
1.399141159660536459e+03 2.974769995608478894e+03 1.634677752431292985e+00
1.399161992612417180e+03 2.975089466007756073e+03 1.632906167295977040e+00
1.399182825563366350e+03 2.975462358205125838e+03 1.631451929682497859e+00
1.399203658513849405e+03 2.974776140746585497e+03 1.633455651756947402e+00
1.399224491462935930e+03 2.972880028802496327e+03 1.632015490056370588e+00
1.399245324411092042e+03 2.976628263004539349e+03 1.632906532317797144e+00
1.399266157358315922e+03 2.975376168211151253e+03 1.634789688862987811e+00
1.399286990304608480e+03 2.976600843851974787e+03 1.632659539902006740e+00
1.399307823249968806e+03 2.973214297434515174e+03 1.631610409614628887e+00
1.399328656194400082e+03 2.973968404380844731e+03 1.632093645494514522e+00
1.399349489138363879e+03 2.976737006131265844e+03 1.632737153427525012e+00
1.399370322080932056e+03 2.974661042167279902e+03 1.633178815863768785e+00
1.399391155023034116e+03 2.975526797790905675e+03 1.634072433677852487e+00
1.399411987963738056e+03 2.973776093505806784e+03 1.631904093827454494e+00
1.399432820903976790e+03 2.978266253310705451e+03 1.633667133567591190e+00
1.399453653842819222e+03 2.974519419956361162e+03 1.631870783051996288e+00
1.399474486781195992e+03 2.975033862697595850e+03 1.632265793384924280e+00
1.399495319718640985e+03 2.975237112816113950e+03 1.633232975166701406e+00
1.399516152655154656e+03 2.973507118616321350e+03 1.631325003116438133e+00
1.399536985590736094e+03 2.977458272478243998e+03 1.633457330291805620e+00
1.399557818525388484e+03 2.975697431199126640e+03 1.632102629477939271e+00
1.399578651459108642e+03 2.979357806388899007e+03 1.632135497288567549e+00
1.399599484391897022e+03 2.976754907176816232e+03 1.631791594180761029e+00
1.399620317324219059e+03 2.973887998468517253e+03 1.633482800022130421e+00
1.399641150255144566e+03 2.976837440565241195e+03 1.633144509176699843e+00
1.399661983185605550e+03 2.975575117938516087e+03 1.631869468139014900e+00
1.399682816115134528e+03 2.977790836414058504e+03 1.634501482589763466e+00
1.399703649043732185e+03 2.974059815060963047e+03 1.630729332039247081e+00
1.399724481971397836e+03 2.979704364178303422e+03 1.631868591529772150e+00
1.399745314898599190e+03 2.972836289495530764e+03 1.630384108681954602e+00
1.399766147824403106e+03 2.976213036489470596e+03 1.631009799621443657e+00
1.399786980749740906e+03 2.975643991969245235e+03 1.631634373889188083e+00
1.399807813673681494e+03 2.977429184948041893e+03 1.631289268985628427e+00
1.399828646597155966e+03 2.978244740011311023e+03 1.632383737440362248e+00
1.399849479520165914e+03 2.975864881855505701e+03 1.631387627302333332e+00
1.399870312441778879e+03 2.976638318164784323e+03 1.630906448141747900e+00
1.399891145362926181e+03 2.975737864313424325e+03 1.630904913169425319e+00
1.399911978282675591e+03 2.979508480433162731e+03 1.631297672788220021e+00
1.399932811201960476e+03 2.975637988501194286e+03 1.631592728430313555e+00
1.399953644120314038e+03 2.976257228055412725e+03 1.630508403359861358e+00
1.399974477038201030e+03 2.976094555545481853e+03 1.631177165426038078e+00
1.399995309954691038e+03 2.975569631956526337e+03 1.630992769736350212e+00
1.400016142870716067e+03 2.975354875676056508e+03 1.630939266966231482e+00
1.400036975785809545e+03 2.975806477507052023e+03 1.631054968154987295e+00
1.400057808699972156e+03 2.974518681201290747e+03 1.630421178733352905e+00
1.400078641613667969e+03 2.975434649364538018e+03 1.630834375977934236e+00
1.400099474525967480e+03 2.974448400061502980e+03 1.630418400336628215e+00
1.400120307437801785e+03 2.972674036655085729e+03 1.629992518495579690e+00
1.400141140348704084e+03 2.977207353918474837e+03 1.630796584331087651e+00
1.400161973259139813e+03 2.976032601661629997e+03 1.631310314948828832e+00
1.400182806168180377e+03 2.977525441865373523e+03 1.633562417735526795e+00
1.400203639076754826e+03 2.975240846822613548e+03 1.630690075886951362e+00
1.400224471984397951e+03 2.977529758409850274e+03 1.631044955173746702e+00
1.400245304891574960e+03 2.972103840356005549e+03 1.629275419633104738e+00
1.400266137797355441e+03 2.974985338538630458e+03 1.631414152341259527e+00
1.400286970702669805e+03 2.976003752237193112e+03 1.630743733035099563e+00
1.400307803607053074e+03 2.975960642861295128e+03 1.630433169654380121e+00
1.400328636510970682e+03 2.974981980652047241e+03 1.629965750913684452e+00
1.400349469413956967e+03 2.976030213985705359e+03 1.633995977912724440e+00
1.400370302316011475e+03 2.973877810263110405e+03 1.629628997659721135e+00
1.400391135217134888e+03 2.975109637575102624e+03 1.630333291364123527e+00
1.400411968117327888e+03 2.978803929970929403e+03 1.631132365695173947e+00
1.400432801017054544e+03 2.975560987675400611e+03 1.630045394148351035e+00
1.400453633915849878e+03 2.975157141391709501e+03 1.630321007227989671e+00
1.400474466814179777e+03 2.974033802729847594e+03 1.630592552789221550e+00
1.400495299711577900e+03 2.977437765763708740e+03 1.632313337184228219e+00
1.400516132608045609e+03 2.977953960645849293e+03 1.630545105035071662e+00
1.400536965503580632e+03 2.972400476324621650e+03 1.629218494667332484e+00
1.400557798398650903e+03 2.975040053438157429e+03 1.630199038283038915e+00
1.400578631292789396e+03 2.973309786081320453e+03 1.630095269748121245e+00
1.400599464185997022e+03 2.975165519274897179e+03 1.630121450170667119e+00
1.400620297078273325e+03 2.976160707715478111e+03 1.631202013033400622e+00
1.400641129970083966e+03 2.974182138074043451e+03 1.629949587762035579e+00
1.400682795751376489e+03 2.972812958088006781e+03 1.631738409829652570e+00
1.400745294417493824e+03 2.975240694923209048e+03 1.630337093577978180e+00
1.400766127304647853e+03 2.975492505857861488e+03 1.632373586553418354e+00
1.400786960190871014e+03 2.976320242386713289e+03 1.630534650259546359e+00
1.400807793076626922e+03 2.977100529068717606e+03 1.631206836348609635e+00
1.400828625961452417e+03 2.978122017940343540e+03 1.630904182229716337e+00
1.400849458845348181e+03 2.975175784414423561e+03 1.629743182656520739e+00
1.400870291728776010e+03 2.978186550306057597e+03 1.630787154557343799e+00
1.400891124611272971e+03 2.976573564610851008e+03 1.631532450225528397e+00
1.400911957492839065e+03 2.977072883713854935e+03 1.630062433931039223e+00
1.400932790373939042e+03 2.978069957572666226e+03 1.632351750978360494e+00
1.400953623254108606e+03 2.975504744534496240e+03 1.630505917559158968e+00
1.400974456133345939e+03 2.975119943881328709e+03 1.629769076155394236e+00
1.400995289012118064e+03 2.975634558196767557e+03 1.631387700374658190e+00
1.401016121889958413e+03 2.974899494627780314e+03 1.629550358240239749e+00
1.401036954767334009e+03 2.976093589137703930e+03 1.630622015029555394e+00
1.401057787643776919e+03 2.974933306177752456e+03 1.629938690343088803e+00
1.401078620519290325e+03 2.973910101065020626e+03 1.629985716938558316e+00
1.401099453394336933e+03 2.976359366221846358e+03 1.631083618097513233e+00
1.401120286268451537e+03 2.974121896515032404e+03 1.630210665212635135e+00
1.401141119141635954e+03 2.974687475952942805e+03 1.631327414594003988e+00
1.401161952014354029e+03 2.975348602363317241e+03 1.629572889736220720e+00
1.401182784886140780e+03 2.975329520954413510e+03 1.630142803723531486e+00
1.401203617757462780e+03 2.973937022205326684e+03 1.630142438082856859e+00
1.401224450627853003e+03 2.972793957457396118e+03 1.631010676692256078e+00
1.401245283497312357e+03 2.975369090846368636e+03 1.630604761772263434e+00
1.401266116366305596e+03 2.976140411000152199e+03 1.631301984287529150e+00
1.401286949234367057e+03 2.974025220046653430e+03 1.631215898296190625e+00
1.401307782101962857e+03 2.974945688258490009e+03 1.632614999900399155e+00
1.401328614968627789e+03 2.977760486121790564e+03 1.633573436930027878e+00
1.401349447834827060e+03 2.975166765085306452e+03 1.633263119661080287e+00
1.401370280699628893e+03 2.974599139075488438e+03 1.634021512201613069e+00
1.401391113564431180e+03 2.976186201858251479e+03 1.632854187355661235e+00
1.401411946427836028e+03 2.975209093513549760e+03 1.631704584264958013e+00
1.401432779291240877e+03 2.976432319377451677e+03 1.632167487988609000e+00
1.401453612153250106e+03 2.976358451679264363e+03 1.631324856966168024e+00
1.401474445014791854e+03 2.973434739787202489e+03 1.630245911121432467e+00
1.401495277875404099e+03 2.974063226811179902e+03 1.630107628715069978e+00
1.401516110735548864e+03 2.974775837080309429e+03 1.630501019058447243e+00
1.401536943594763216e+03 2.974800197745204969e+03 1.629948051888608029e+00
1.401557776453511906e+03 2.975295031044802727e+03 1.629760883906454572e+00
1.401578609311328819e+03 2.977061445272370293e+03 1.630328757943707352e+00
1.401599442168680980e+03 2.975601417261818824e+03 1.633854729609037326e+00
1.401620275025100909e+03 2.975343291463415881e+03 1.630135417765998573e+00
1.401641107880589971e+03 2.975263540130701585e+03 1.629919381985643234e+00
1.401661940735613371e+03 2.973640671647276577e+03 1.629729723726253576e+00
1.401682773589704993e+03 2.972066288117769545e+03 1.629183299702504639e+00
1.401703606443331864e+03 2.975717773032165042e+03 1.630196113256249024e+00
1.401724439296026958e+03 2.975206419537985312e+03 1.630175491668450549e+00
1.401745272148256390e+03 2.976095108624122531e+03 1.630479012179649301e+00
1.401766104999554955e+03 2.977013860425309304e+03 1.631270561234835714e+00
1.401786937850386039e+03 2.976921846213389017e+03 1.630659006567612535e+00
1.401807770700288529e+03 2.976292778543129316e+03 1.629726651563546236e+00
1.401828603549257878e+03 2.975498537694104471e+03 1.630169129636582559e+00
1.401849436397762020e+03 2.975321454439205809e+03 1.630119695071690078e+00
1.401870269245334384e+03 2.975677415524670323e+03 1.629453425361886199e+00
1.401891102092441088e+03 2.976464403832473636e+03 1.630001806597498382e+00
1.401911934939083494e+03 2.973705662318020131e+03 1.629835270941972780e+00
1.401932767784327552e+03 2.976724245085429175e+03 1.630157209900842341e+00
1.401953600629572065e+03 2.976117540414113591e+03 1.632058001235548117e+00
1.401974433473420049e+03 2.975863682228444759e+03 1.629154104133945902e+00
1.401995266317268033e+03 2.974085775181076315e+03 1.630967041847384280e+00
1.402016099159718124e+03 2.974815001752911485e+03 1.630005024510227996e+00
1.402036932001702098e+03 2.975344546974785317e+03 1.630732621618034672e+00
1.402057764843221321e+03 2.974762201923156226e+03 1.629340537013680867e+00
1.402078597683810131e+03 2.975793704629707463e+03 1.630635978337181324e+00
1.402099430523931915e+03 2.974268505533517782e+03 1.629195226563696641e+00
1.402120263363122831e+03 2.975540861973485789e+03 1.629582911762575526e+00
1.402141096201382425e+03 2.976399164180716980e+03 1.630200866422117478e+00
1.402161929039176357e+03 2.977022774326619128e+03 1.629749619496923208e+00
1.402182761876504173e+03 2.974971904486808398e+03 1.629120005388988490e+00
1.402203594712901122e+03 2.974777353412132470e+03 1.629564550192854178e+00
1.402224427548831954e+03 2.975297844479546711e+03 1.629698050913757301e+00
1.402245260383832374e+03 2.974477851605553042e+03 1.629594323629943720e+00
1.402266093217901471e+03 2.976253895440127508e+03 1.630740662782690809e+00
1.402286926051504452e+03 2.973998639917152559e+03 1.629294296624780536e+00
1.402307758884641999e+03 2.973715042645170342e+03 1.630948988228439145e+00
1.402328591716847541e+03 2.976030992628438071e+03 1.629600907363226936e+00
1.402349424548121988e+03 2.978250362325689366e+03 1.630145436333968245e+00
1.402370257378931910e+03 2.975042535141561075e+03 1.631893428609312302e+00
1.402391090209274807e+03 2.971753464568863819e+03 1.628675705217245584e+00
1.402411923038686837e+03 2.973027811338756692e+03 1.628682365857625047e+00
1.402432755867167089e+03 2.974884437930898002e+03 1.629494686552305671e+00
1.402453588695647795e+03 2.972901948006986913e+03 1.628966186298950403e+00
1.402474421522732428e+03 2.973556138918808756e+03 1.629196616805638209e+00
1.402495254349350489e+03 2.970898314610878515e+03 1.630262510071800008e+00
1.402516087175502435e+03 2.973113778875990192e+03 1.628916276127904350e+00
1.402536920000723967e+03 2.971204292749967863e+03 1.632441501357961400e+00
1.402557752818028803e+03 2.972536700910336549e+03 1.628812279494938009e+00
1.402578585641852897e+03 2.971817236891649372e+03 1.628813889627122702e+00
1.402599418465210420e+03 2.971247873229266133e+03 1.628682585438712138e+00
1.402620251287637529e+03 2.972520162092058399e+03 1.628177983159574849e+00
1.402641084109599888e+03 2.967803419585885422e+03 1.627939133825510032e+00
1.402661916930630014e+03 2.972805531419073304e+03 1.630148873346751071e+00
1.402745248208231487e+03 2.976329937909581986e+03 1.629717727629505175e+00
1.402766081026001530e+03 2.974233521107772503e+03 1.630176076681628672e+00
1.402786913843306593e+03 2.975425027742411658e+03 1.629833661818823165e+00
1.402807746659680106e+03 2.977324086142913984e+03 1.629575596420946626e+00
1.402828579475587958e+03 2.978337164170780852e+03 1.630315815690251524e+00
1.402849412290564942e+03 2.978521306557925982e+03 1.630950669343094628e+00
1.402870245105076492e+03 2.977717677310912677e+03 1.629298320761391139e+00
1.402891077918655355e+03 2.978158664106797914e+03 1.629458400170732402e+00
1.402911910731769467e+03 2.978403481615770033e+03 1.630536770464197538e+00
1.402932743543953165e+03 2.976621657827141917e+03 1.629459058600176924e+00
1.402953576355669611e+03 2.977422810563601161e+03 1.629552626034779461e+00
1.402974409166455189e+03 2.977059722896860421e+03 1.630216222709439888e+00
1.402995241976775105e+03 2.975373010946154409e+03 1.629949295214827787e+00
1.403016074786628906e+03 2.975201183159886114e+03 1.628937865025929854e+00
1.403036907595552520e+03 2.976455562274647036e+03 1.630764347437286377e+00
1.403057740404009564e+03 2.976041116372075521e+03 1.629415601686134751e+00
1.403078573211535513e+03 2.974519223297988901e+03 1.628732210005057635e+00
1.403099406018595801e+03 2.974491729354643667e+03 1.630292270762301099e+00
1.403120238824725220e+03 2.973240889177420286e+03 1.629256103415220425e+00
1.403141071630388069e+03 2.976524710153954402e+03 1.629144298988545625e+00
1.403161904435586166e+03 2.974527643216791148e+03 1.629093516171795208e+00
1.403182737239852031e+03 2.976047561924797719e+03 1.629945857781201157e+00
1.403203570043653599e+03 2.976723622094974871e+03 1.629367095377909136e+00
1.403224402846522480e+03 2.974138188066411658e+03 1.629127761818575992e+00
1.403245235648926609e+03 2.977817540516322879e+03 1.630234869435292389e+00
1.403266068450399416e+03 2.976554461588005779e+03 1.631226056387263368e+00
1.403286901251406562e+03 2.973548914610256361e+03 1.628637277913920434e+00
1.403307734051947591e+03 2.975967239034939666e+03 1.629430160613037692e+00
1.403328566851557071e+03 2.977823592502807969e+03 1.629669888658173971e+00
1.403349399650700889e+03 2.976418459976848681e+03 1.629068636404276571e+00
1.403370232448914066e+03 2.974465171107337028e+03 1.632770811579991266e+00
1.403391065246661128e+03 2.975155132268867874e+03 1.628751166483065393e+00
1.403411898043942529e+03 2.976625262652547008e+03 1.630527850963964687e+00
1.403432730840293516e+03 2.976942685387569327e+03 1.629567476353281696e+00
1.403453563636177478e+03 2.975146189521541146e+03 1.629449255289828091e+00
1.403474396431130572e+03 2.976375472183826787e+03 1.629757153493738731e+00
1.403495229225618004e+03 2.975280394755060570e+03 1.629671424793754708e+00
1.403516062019174115e+03 2.974072402471624173e+03 1.628598703308975937e+00
1.403536894812265473e+03 2.976340106460241259e+03 1.629435867091613810e+00
1.403557727604890488e+03 2.976136003305884515e+03 1.630965799297018570e+00
1.403578560396583498e+03 2.974574140401992281e+03 1.628923155333251049e+00
1.403599393187811984e+03 2.975797282922726026e+03 1.628837382738414385e+00
1.403641058768404946e+03 2.973633209731708575e+03 1.628662383854768025e+00
1.403661891557770559e+03 2.975134288595532780e+03 1.629144445334433255e+00
1.403682724346204395e+03 2.974469286742124041e+03 1.629934521512546919e+00
1.403703557134172570e+03 2.976149591276298906e+03 1.632520804747289889e+00
1.403724389921675538e+03 2.976074795108052058e+03 1.628755557913676766e+00
1.403745222708247184e+03 2.975139906178704678e+03 1.628510717584504386e+00
1.403766055494352486e+03 2.974427611330358559e+03 1.629327806404612611e+00
1.403786888279526920e+03 2.975784030553653338e+03 1.628822598950895317e+00
1.403807721064235466e+03 2.976244771272887647e+03 1.629095565076892127e+00
1.403828553848478805e+03 2.974530228005189201e+03 1.628529164236714344e+00
1.403849386631789912e+03 2.975039398350188549e+03 1.628814255566033431e+00
1.403870219414636495e+03 2.976487159325753964e+03 1.629043683079313576e+00
1.403891052197016961e+03 2.976511199814011434e+03 1.630054096892236792e+00
1.403911884978465423e+03 2.976232038528474277e+03 1.629040024201879433e+00
1.403932717759450043e+03 2.977096387205727751e+03 1.628995312055817157e+00
1.403953550539501066e+03 2.974092569193135205e+03 1.630651622948195545e+00
1.403974383319088474e+03 2.975441201883613303e+03 1.629788020573348817e+00
1.403995216098208857e+03 2.972555909976028943e+03 1.628894467391250878e+00
1.404016048876399054e+03 2.972734865722796712e+03 1.628220301674285553e+00
1.404036881654121999e+03 2.975657497096136467e+03 1.629016973085069875e+00
1.404057714431380191e+03 2.975962395430356537e+03 1.628621613953018965e+00
1.404078547208172949e+03 2.975280208686004698e+03 1.629924209096448084e+00
1.404099379983569179e+03 2.972503193481271865e+03 1.628203608689118065e+00
1.404120212758964044e+03 2.973946045993678581e+03 1.628464014411780347e+00
1.404141045533428041e+03 2.978191451758507355e+03 1.629869939845811189e+00
1.404161878307427060e+03 2.975223151125572713e+03 1.628764999449397788e+00
1.404182711080959962e+03 2.971969570670265057e+03 1.628145547982439822e+00
1.404203543853560859e+03 2.972298264480898069e+03 1.628307131722733780e+00
1.404224376625697914e+03 2.975188470258565303e+03 1.628481143944148002e+00
1.404245209397367944e+03 2.977788440748341145e+03 1.629442451465137998e+00
1.404266042168106651e+03 2.972995263727140809e+03 1.629352462723895778e+00
1.404286874938380151e+03 2.975426048976234142e+03 1.630682911719945505e+00
1.404307707707721875e+03 2.972200860336286951e+03 1.628274113421920521e+00
1.404328540476598391e+03 2.971793805372130919e+03 1.627811054559374471e+00
1.404349373245008337e+03 2.975097549734875429e+03 1.628630251108971194e+00
1.404370206012953531e+03 2.974317713854088197e+03 1.628845433259346720e+00
1.404391038779967403e+03 2.975332061371024793e+03 1.629130030201381807e+00
1.404411871546515613e+03 2.972563795756615946e+03 1.628072108839224708e+00
1.404432704312597480e+03 2.972849793700976534e+03 1.628045090015787011e+00
1.404453537077748933e+03 2.970771253435091239e+03 1.627456275833097488e+00
1.404474369842434044e+03 2.973030052838400024e+03 1.629104711943215156e+00
1.404495202606653947e+03 2.971331818014270539e+03 1.627214170398169957e+00
1.404516035369942074e+03 2.972626975052746275e+03 1.628359183604421334e+00
1.404536868132764539e+03 2.969879942692767600e+03 1.627839102510287628e+00
1.404557700895122480e+03 2.975620978120412019e+03 1.629123664086791656e+00
1.404578533656547961e+03 2.971473513283005104e+03 1.628582599788010565e+00
1.404599366417507554e+03 2.972120048229581244e+03 1.628946280959513659e+00
1.404641031937565003e+03 2.974175838069324072e+03 1.629936715635213806e+00
1.404661864697128522e+03 2.972456797049719626e+03 1.628020413896384300e+00
1.404682697455295056e+03 2.969643945747022826e+03 1.629879960045624188e+00
1.404745195727465216e+03 2.974451588985292801e+03 1.628505813082286036e+00
1.404766028483768423e+03 2.976860295159879115e+03 1.629367827007160319e+00
1.404786861239139853e+03 2.975767654388794654e+03 1.629317051157367136e+00
1.404807693994512647e+03 2.975853337249261585e+03 1.629116273508764534e+00
1.404828526748488002e+03 2.975710743537625149e+03 1.628975187530668389e+00
1.404849359502462903e+03 2.974401856277321258e+03 1.629641799066521957e+00
1.404870192255507391e+03 2.975338030946282743e+03 1.629772879685547071e+00
1.404891025008086217e+03 2.977067847481729132e+03 1.629279955984401784e+00
1.404911857760198018e+03 2.973297433118571462e+03 1.628997580623059438e+00
1.404932690511845067e+03 2.973568849617401156e+03 1.629760152453653799e+00
1.404953523262560793e+03 2.972404116405998593e+03 1.628236628419665877e+00
1.404974356012810404e+03 2.974991511290893868e+03 1.628754020914309653e+00
1.404995188762595035e+03 2.974250036137932966e+03 1.628951915951610152e+00
1.405016021511447434e+03 2.977232294596366046e+03 1.629899488287221088e+00
1.405036854259834399e+03 2.976793466401521528e+03 1.629452620611969049e+00
1.405057687007757067e+03 2.974234145416789488e+03 1.629025315431672727e+00
1.405078519755212483e+03 2.976426697420685741e+03 1.629563891806034004e+00
1.405099352501736576e+03 2.973215182203693075e+03 1.628782125816373938e+00
1.405120185247796599e+03 2.972343512680932236e+03 1.629108224326236254e+00
1.405141017993389596e+03 2.974661240399393591e+03 1.630607101207679266e+00
1.405161850738516932e+03 2.974416661512344035e+03 1.630302288366374253e+00
1.405182683482713401e+03 2.975328376651284543e+03 1.629332927925966734e+00
1.405203516226444208e+03 2.972286729960863340e+03 1.628992311687837979e+00
1.405224348969708899e+03 2.975972321260192075e+03 1.629388605140744239e+00
1.405245181712508838e+03 2.973815199041976939e+03 1.629062855462716675e+00
1.405266014454842662e+03 2.978941845359571744e+03 1.629740110519184215e+00
1.405286847196245162e+03 2.973110473204230857e+03 1.629031169684481251e+00
1.405307679937181092e+03 2.976514293561225713e+03 1.629964800144494852e+00
1.405328512677652952e+03 2.975710210737726811e+03 1.631596235457311916e+00
1.405349345417192126e+03 2.974778579453026396e+03 1.629497320209838396e+00
1.405370178156731527e+03 2.973400791514313823e+03 1.629301393731746206e+00
1.405391010895340514e+03 2.975849666740971315e+03 1.630171689077675401e+00
1.405411843633483841e+03 2.976361931514870321e+03 1.631943320776730655e+00
1.405432676370694935e+03 2.976818710575927071e+03 1.630287444741288283e+00
1.405453509107906484e+03 2.972592036611746607e+03 1.629120078563025098e+00
1.405474341844187165e+03 2.974306441557283961e+03 1.629254201048041084e+00
1.405495174580000821e+03 2.975563629115687945e+03 1.629564038114239111e+00
1.405516007315349952e+03 2.975659165812200627e+03 1.628949793684147940e+00
1.405536840050232968e+03 2.972241326786866466e+03 1.629230055425441526e+00
1.405557672784185343e+03 2.972373356918470108e+03 1.628615245851074089e+00
1.405578505518136353e+03 2.978713338808249318e+03 1.629492491834443557e+00
1.405599338251156951e+03 2.975145813870832171e+03 1.628933913181244808e+00
1.405620170983712342e+03 2.978151507260855851e+03 1.630302653971198223e+00
1.405641003715801617e+03 2.974257629779335275e+03 1.629226470135815896e+00
1.409370056959068961e+03 2.973142041344484824e+03 2.950062935367961714e+00
