1.928119323730468750e+03 4.511613514498865698e+03 4.356391350575064436e+00
1.928140136718750000e+03 4.507326029238236515e+03 4.355023362176995150e+00
1.928160949707031250e+03 4.515824618261394789e+03 4.345507149724375573e+00
1.928181823730468750e+03 4.513762614462346392e+03 4.335635282964281245e+00
1.928202636718750000e+03 4.513049617824031884e+03 4.326782238616275755e+00
1.928223449707031250e+03 4.506277821709321870e+03 4.314630617883112862e+00
1.928244323730468750e+03 4.514986074215645203e+03 4.304500513463804801e+00
1.928265136718750000e+03 4.508865188422900246e+03 4.292456224026130585e+00
1.928285949707031250e+03 4.518351668136307126e+03 4.262600787361175314e+00
1.928306823730468750e+03 4.518818491025980620e+03 4.231030033316032224e+00
1.928327636718750000e+03 4.511880077779856947e+03 4.186377531462911250e+00
1.928348449707031250e+03 4.514315060940029070e+03 4.145956500858014593e+00
1.928369323730468750e+03 4.516574725136531924e+03 4.096917710419889502e+00
1.928390136718750000e+03 4.515375841395805764e+03 4.055927770479363481e+00
1.928410949707031250e+03 4.523417540339411062e+03 4.018527514526902600e+00
1.928431823730468750e+03 4.517493979111690351e+03 3.990793481196202475e+00
1.928452636718750000e+03 4.520260415766962979e+03 3.960671199597153969e+00
1.928473449707031250e+03 4.517675124685527408e+03 3.941565216457901144e+00
1.928494323730468750e+03 4.519057971152720711e+03 3.938167091656863850e+00
1.928515136718750000e+03 4.520783326645283523e+03 3.928151128009825133e+00
1.928535949707031250e+03 4.511909261678028997e+03 3.924781846708233157e+00
1.928556823730468750e+03 4.513445586074656603e+03 3.920541969902701318e+00
1.928577636718750000e+03 4.516895778112393600e+03 3.915459358870526874e+00
1.928598449707031250e+03 4.520250544211778106e+03 3.918140593969456908e+00
1.928619323730468750e+03 4.519510179614491790e+03 3.914752221774162599e+00
1.928640136718750000e+03 4.515819861162151938e+03 3.904912002294866458e+00
1.928660949707031250e+03 4.509745355942079186e+03 3.897990902564685278e+00
1.928681823730468750e+03 4.521972203636876657e+03 3.893469326135071462e+00
1.928702697753906250e+03 4.516144094735860563e+03 3.886864127502594357e+00
1.928723510742187500e+03 4.514052020715573235e+03 3.872498227655289504e+00
1.928744323730468750e+03 4.514952497420374129e+03 3.859022116647861989e+00
1.928765197753906250e+03 4.512887012471772323e+03 3.844114829016499257e+00
1.928786010742187500e+03 4.513895183783286484e+03 3.831794941466688975e+00
1.928806823730468750e+03 4.513395778755078936e+03 3.821327495893486415e+00
1.928827697753906250e+03 4.513687274347677885e+03 3.815884573040445815e+00
1.928848510742187500e+03 4.509150565928823198e+03 3.807398775875413754e+00
1.928869323730468750e+03 4.514988909077790595e+03 3.807476548882223533e+00
1.928890197753906250e+03 4.511040320388332475e+03 3.808985732032049931e+00
1.928911010742187500e+03 4.509106700691208971e+03 3.810694032268709730e+00
1.928931823730468750e+03 4.508256659081205726e+03 3.800336100120218941e+00
1.928952697753906250e+03 4.511306461724814653e+03 3.787262730987945858e+00
1.928973510742187500e+03 4.505993457730430237e+03 3.766690305337464739e+00
1.928994323730468750e+03 4.515446590318477320e+03 3.745529689228622949e+00
1.929015197753906250e+03 4.510021675540405340e+03 3.725220636579628319e+00
1.929036010742187500e+03 4.516676804598875606e+03 3.694767014484242384e+00
1.929056823730468750e+03 4.510509749673081387e+03 3.670801663271146875e+00
1.929077697753906250e+03 4.513047857676983767e+03 3.637203720978239296e+00
1.929098510742187500e+03 4.517242435687443503e+03 3.605567410029467457e+00
1.929119323730468750e+03 4.514894071304124736e+03 3.568513178942817721e+00
1.929140197753906250e+03 4.512419704780320899e+03 3.541427798724217979e+00
1.929161010742187500e+03 4.517165907763581345e+03 3.517433210117041575e+00
1.929181823730468750e+03 4.516264809371708907e+03 3.485110081339287458e+00
1.929202697753906250e+03 4.518181782038180245e+03 3.472583748540126969e+00
1.929223510742187500e+03 4.520053874903167525e+03 3.445917815925999772e+00
1.929244323730468750e+03 4.513115387054240273e+03 3.425404022221919309e+00
1.929265197753906250e+03 4.514854619129828279e+03 3.404177674019307709e+00
1.929286010742187500e+03 4.516004954801139320e+03 3.385909497506567334e+00
1.929306823730468750e+03 4.513266458522657558e+03 3.361550837425008265e+00
1.929327697753906250e+03 4.514339155480705813e+03 3.329292343371094809e+00
1.929348510742187500e+03 4.513755302487121298e+03 3.297559766480841592e+00
1.929369323730468750e+03 4.515567986839021614e+03 3.262678797707754708e+00
1.929390197753906250e+03 4.512880859874661837e+03 3.234245998002957201e+00
1.929411010742187500e+03 4.512471744603017214e+03 3.201546629032770319e+00
1.929431823730468750e+03 4.509771249217048535e+03 3.183044161486322743e+00
1.929452697753906250e+03 4.514120624699310611e+03 3.159339374828122882e+00
1.929473510742187500e+03 4.516079294099753497e+03 3.147178682222684820e+00
1.929494323730468750e+03 4.514451053864961068e+03 3.150026284971016111e+00
1.929515197753906250e+03 4.511340154661912493e+03 3.138632830487933845e+00
1.929536010742187500e+03 4.515110543420978502e+03 3.128310624292374609e+00
1.929556823730468750e+03 4.513302250310507588e+03 3.127698419925722284e+00
1.929577697753906250e+03 4.512863136358523661e+03 3.126611522955564659e+00
1.929598510742187500e+03 4.516127013087872911e+03 3.122590471213849028e+00
1.929619323730468750e+03 4.516525477863444394e+03 3.122745921680089243e+00
1.929640197753906250e+03 4.513238606091568727e+03 3.110156243867354231e+00
1.929661010742187500e+03 4.514864618838629212e+03 3.105940872867594127e+00
1.929681823730468750e+03 4.509561818272351957e+03 3.103448942703233904e+00
1.929702697753906250e+03 4.517880393367137003e+03 3.108781767568952414e+00
1.929723510742187500e+03 4.515522966898971390e+03 3.099340608671000474e+00
1.929744323730468750e+03 4.513539670293770541e+03 3.097420258931133930e+00
1.929765197753906250e+03 4.513511585435900997e+03 3.094431330091658605e+00
1.929786010742187500e+03 4.511191536658523546e+03 3.083137110746868803e+00
1.929806823730468750e+03 4.510216806528907000e+03 3.075738126662234340e+00
1.929827697753906250e+03 4.514042127762426389e+03 3.069858352425251180e+00
1.929848510742187500e+03 4.508766278734814478e+03 3.068324874985070672e+00
1.929869323730468750e+03 4.513633297115418827e+03 3.063747696799786535e+00
1.929890197753906250e+03 4.515371881688293797e+03 3.060991343812813348e+00
1.929911010742187500e+03 4.510320509400923584e+03 3.054413531961734485e+00
1.929931823730468750e+03 4.513253842044636258e+03 3.056349826422788407e+00
1.929952697753906250e+03 4.511059358261076341e+03 3.053200440270307237e+00
1.929973510742187500e+03 4.508637429864838850e+03 3.047037130101436286e+00
1.929994323730468750e+03 4.511461858555581784e+03 3.046096154461733541e+00
1.930015197753906250e+03 4.508804403920567893e+03 3.041269476750194656e+00
1.930036010742187500e+03 4.515796612341835498e+03 3.043989957715185657e+00
1.930056823730468750e+03 4.512729036562254805e+03 3.029528414094213140e+00
1.930077697753906250e+03 4.510056962077222124e+03 3.022748686322847878e+00
1.930098510742187500e+03 4.509284715774645520e+03 3.014087502478190128e+00
1.930119323730468750e+03 4.511558101674212594e+03 2.994132821408209910e+00
1.930140197753906250e+03 4.511882850456500819e+03 2.982457848352547458e+00
1.930161010742187500e+03 4.513055281206039581e+03 2.968909490216263158e+00
1.930181823730468750e+03 4.512841827952892345e+03 2.959349193682030421e+00
1.930202697753906250e+03 4.515013837652293660e+03 2.952778790883364479e+00
1.930223571777343750e+03 4.514771298923793438e+03 2.945532509759864581e+00
1.930244384765625000e+03 4.513258928133631343e+03 2.940056033735810814e+00
1.930265197753906250e+03 4.516405119989816740e+03 2.947981295646636468e+00
1.930286071777343750e+03 4.510613432831421960e+03 2.929098899205714090e+00
1.930306884765625000e+03 4.513642643704108195e+03 2.924046979012757230e+00
1.930327697753906250e+03 4.513419076188604777e+03 2.913138808238366906e+00
1.930348571777343750e+03 4.512139232188363167e+03 2.903304874033961092e+00
1.930369384765625000e+03 4.515807402065528549e+03 2.895436010387137049e+00
1.930390197753906250e+03 4.511559671260818504e+03 2.892801486090472274e+00
1.930411071777343750e+03 4.513145320347409324e+03 2.884896205046483253e+00
1.930431884765625000e+03 4.513112892786430166e+03 2.877722239193648779e+00
1.930452697753906250e+03 4.510291952871417379e+03 2.877872524722852710e+00
1.930473571777343750e+03 4.511453814904773026e+03 2.870923676935536850e+00
1.930494384765625000e+03 4.509479172587273752e+03 2.870463399393606618e+00
1.930515197753906250e+03 4.510888265934662741e+03 2.875552414606270091e+00
1.930536071777343750e+03 4.505983953928822302e+03 2.868168883795318092e+00
1.930556884765625000e+03 4.511488065911937156e+03 2.867069418655851187e+00
1.930577697753906250e+03 4.511825730466094683e+03 2.860830468134598625e+00
1.930598571777343750e+03 4.511834298160284561e+03 2.858177726521189399e+00
1.930619384765625000e+03 4.510924414238425925e+03 2.865493481861768998e+00
1.930640197753906250e+03 4.509826915096534321e+03 2.859703336948433261e+00
1.930661071777343750e+03 4.508534370148841845e+03 2.860230031399490613e+00
1.930681884765625000e+03 4.507885423609784993e+03 2.864094326011029867e+00
1.930702697753906250e+03 4.504670776640336044e+03 2.866474613883076561e+00
1.930723571777343750e+03 4.510351674135222311e+03 2.858430466702170936e+00
1.930744384765625000e+03 4.508774362327731069e+03 2.864818623445340773e+00
1.930765197753906250e+03 4.510968989524761128e+03 2.861665069218231938e+00
1.930786071777343750e+03 4.510817698542676226e+03 2.855400783914542551e+00
1.930806884765625000e+03 4.513294359371565406e+03 2.860058478711221763e+00
1.930827697753906250e+03 4.508960078226447877e+03 2.846659419149542902e+00
1.930848571777343750e+03 4.509531952169796568e+03 2.842905443141325872e+00
1.930869384765625000e+03 4.510605320166562706e+03 2.843002053296625586e+00
1.930890197753906250e+03 4.509851345289337587e+03 2.839132731549970590e+00
1.930911071777343750e+03 4.509970988691466118e+03 2.839490949919596385e+00
1.930931884765625000e+03 4.512936723237191472e+03 2.840150672246888774e+00
1.930952697753906250e+03 4.513328328703531952e+03 2.841917348713530966e+00
1.930973571777343750e+03 4.512907577305385530e+03 2.840687034945132972e+00
1.930994384765625000e+03 4.511227908234127426e+03 2.845892633478399603e+00
1.931015197753906250e+03 4.510052698256690746e+03 2.847131416506172741e+00
1.931036071777343750e+03 4.511940233187428021e+03 2.845730270224854586e+00
1.931056884765625000e+03 4.511933362567898257e+03 2.843557665682038049e+00
1.931077697753906250e+03 4.511969301272351004e+03 2.849836103846433488e+00
1.931098571777343750e+03 4.514797659091045716e+03 2.837639752278025895e+00
1.931119384765625000e+03 4.515501719001052152e+03 2.842314976396674631e+00
1.931140197753906250e+03 4.513860838607486585e+03 2.824018500313393076e+00
1.931161071777343750e+03 4.515987253361658986e+03 2.816826099947199236e+00
1.931181884765625000e+03 4.516283157466793455e+03 2.814326053797775895e+00
1.931202697753906250e+03 4.519433342229754089e+03 2.809709563399384269e+00
1.931223571777343750e+03 4.520299419042014051e+03 2.806721239518368272e+00
1.931244384765625000e+03 4.516115554659160807e+03 2.804871789514671310e+00
1.931265197753906250e+03 4.515946101275468209e+03 2.803286316651622645e+00
1.931286071777343750e+03 4.517944624819768251e+03 2.801893197076485098e+00
1.931306884765625000e+03 4.518765340108208875e+03 2.797585253332649735e+00
1.931327697753906250e+03 4.518489466463110148e+03 2.798427811376348551e+00
1.931348571777343750e+03 4.516816582875008862e+03 2.795458045782476031e+00
1.931369384765625000e+03 4.517530511210607074e+03 2.791641965918130630e+00
1.931390197753906250e+03 4.518987702990925754e+03 2.787274810863983543e+00
1.931411071777343750e+03 4.516769707334919076e+03 2.786581522752703766e+00
1.931431884765625000e+03 4.516975514478796867e+03 2.782373694254817398e+00
1.931452697753906250e+03 4.519673177844969359e+03 2.778823823003976123e+00
1.931473571777343750e+03 4.514674227570431867e+03 2.784054060570037237e+00
1.931494384765625000e+03 4.519520092277298318e+03 2.785616158584145019e+00
1.931515197753906250e+03 4.517595986389182144e+03 2.782687640722338873e+00
1.931536071777343750e+03 4.521203963929050587e+03 2.786804909706964928e+00
1.931556884765625000e+03 4.517642579257586476e+03 2.773203579346236847e+00
1.931577697753906250e+03 4.518057179417433872e+03 2.775584676510207238e+00
1.931598571777343750e+03 4.519203246123583085e+03 2.776241035292371873e+00
1.931619384765625000e+03 4.516826091258019915e+03 2.779926027782067877e+00
1.931640197753906250e+03 4.517083120570570827e+03 2.781814775022844799e+00
1.931661071777343750e+03 4.519779498655833777e+03 2.784272169960842369e+00
1.931681884765625000e+03 4.520721229129261701e+03 2.787930213333928986e+00
1.931702697753906250e+03 4.519062999247332300e+03 2.784165386697093680e+00
1.931723571777343750e+03 4.517247997636875880e+03 2.783358085735458509e+00
1.931744384765625000e+03 4.519818014310949366e+03 2.792843603784973094e+00
1.931765197753906250e+03 4.518169105336921348e+03 2.781734467219717288e+00
1.931786071777343750e+03 4.518089483872219716e+03 2.782457154004943867e+00
1.931806945800781250e+03 4.517043306797291734e+03 2.780429333254430979e+00
1.931827758789062500e+03 4.514186448175782971e+03 2.775364166283978751e+00
1.931848571777343750e+03 4.516570259184681163e+03 2.773064128834415332e+00
1.931869445800781250e+03 4.518550220344286572e+03 2.769529097842737375e+00
1.931890258789062500e+03 4.516257079536863785e+03 2.768061625930230196e+00
1.931911071777343750e+03 4.519335811842124713e+03 2.771770911428849349e+00
1.931931945800781250e+03 4.516199907733514010e+03 2.779037710130942695e+00
1.931952758789062500e+03 4.515737886079143209e+03 2.772894405865084622e+00
1.931973571777343750e+03 4.519006979792826314e+03 2.778732274625720589e+00
1.931994445800781250e+03 4.515844148813872380e+03 2.781802176193185705e+00
1.932015258789062500e+03 4.519443252676381235e+03 2.775234446201667815e+00
1.932036071777343750e+03 4.518749170270141803e+03 2.779270625040741738e+00
1.932056945800781250e+03 4.518349861534484262e+03 2.778398316265489054e+00
1.932077758789062500e+03 4.519443991902787275e+03 2.785681975879469530e+00
1.932098571777343750e+03 4.523259756821605151e+03 2.778440449401711199e+00
1.932119445800781250e+03 4.517619758852628365e+03 2.771396369423958728e+00
1.932140258789062500e+03 4.518162427500548802e+03 2.774660340562996375e+00
1.932161071777343750e+03 4.517401840019641895e+03 2.770015012514492447e+00
1.932181945800781250e+03 4.517578997045209690e+03 2.760825869381946962e+00
1.932202758789062500e+03 4.516697245808700245e+03 2.759337870606167087e+00
1.932223571777343750e+03 4.521620463373969869e+03 2.759798971677956736e+00
1.932244445800781250e+03 4.519263511945461687e+03 2.757068393161974829e+00
1.932265258789062500e+03 4.518866608612732307e+03 2.762341721777433090e+00
1.932286071777343750e+03 4.518721465472905038e+03 2.760476357636365563e+00
1.932306945800781250e+03 4.518462816361941805e+03 2.751640784012685081e+00
1.932327758789062500e+03 4.521575855825352846e+03 2.750209106818167992e+00
1.932348571777343750e+03 4.519874180431590503e+03 2.747495637982197092e+00
1.932369445800781250e+03 4.516882230573262859e+03 2.746866434928030731e+00
1.932390258789062500e+03 4.523698372874396227e+03 2.743221077304431432e+00
1.932411071777343750e+03 4.520838641973148697e+03 2.756612543668744308e+00
1.932431945800781250e+03 4.518551234532216768e+03 2.741961260643666520e+00
1.932452758789062500e+03 4.519928402950513373e+03 2.746361058819319023e+00
1.932473571777343750e+03 4.518391604337264653e+03 2.739503421754156953e+00
1.932494445800781250e+03 4.523094609522096107e+03 2.743788987840745541e+00
1.932515258789062500e+03 4.520480483195063243e+03 2.742065426970358377e+00
1.932536071777343750e+03 4.516735910078849884e+03 2.743782992153757316e+00
1.932556945800781250e+03 4.518468322995919152e+03 2.743279916035436194e+00
1.932577758789062500e+03 4.517738911262648799e+03 2.754869484691706116e+00
1.932598571777343750e+03 4.520762677704311500e+03 2.750574138702460036e+00
1.932619445800781250e+03 4.521207403350733330e+03 2.746633549864045953e+00
1.932640258789062500e+03 4.518543574397952398e+03 2.744473018403109865e+00
1.932661071777343750e+03 4.517062306134539540e+03 2.744496821299675648e+00
1.932681945800781250e+03 4.519375492803200359e+03 2.761867492209781449e+00
1.932702758789062500e+03 4.515641251140526037e+03 2.749218916506815269e+00
1.932723571777343750e+03 4.515252539637873269e+03 2.745700335911631207e+00
1.932744445800781250e+03 4.517438586978398234e+03 2.747743634571709226e+00
1.932765258789062500e+03 4.518168649187591654e+03 2.744505855921695048e+00
1.932786071777343750e+03 4.517901717640402239e+03 2.748881806270500938e+00
1.932806945800781250e+03 4.520676195824304159e+03 2.745548720556060474e+00
1.932827758789062500e+03 4.518782946102972346e+03 2.742518913043868078e+00
1.932848571777343750e+03 4.511875686692330419e+03 2.741233116198797504e+00
1.932869445800781250e+03 4.517341427552509231e+03 2.739248760568822938e+00
1.932890258789062500e+03 4.514316635471764130e+03 2.739897464587877085e+00
1.932911071777343750e+03 4.515903458376967137e+03 2.740144495669382785e+00
1.932931945800781250e+03 4.520921070354152107e+03 2.742515783412307950e+00
1.932952758789062500e+03 4.517210629339107982e+03 2.755848906866856574e+00
1.932973571777343750e+03 4.518636389710803087e+03 2.739098528958528345e+00
1.932994445800781250e+03 4.514625047202595852e+03 2.742107857528462755e+00
1.933015258789062500e+03 4.518650425770287256e+03 2.748316509626385962e+00
1.933036071777343750e+03 4.515439330449935369e+03 2.744206655121954164e+00
1.933056945800781250e+03 4.514600038180282354e+03 2.743858849662522026e+00
1.933077758789062500e+03 4.514171614811521977e+03 2.745699207076803372e+00
1.933098571777343750e+03 4.511491523528201469e+03 2.747178103721951370e+00
1.933119445800781250e+03 4.517496482320207178e+03 2.751288372293884343e+00
1.933140258789062500e+03 4.512620396738244381e+03 2.741204762222515079e+00
1.933161071777343750e+03 4.515418203208278101e+03 2.742077599738614424e+00
1.933181945800781250e+03 4.515726481432029686e+03 2.734601692611984269e+00
1.933202758789062500e+03 4.515067148419750993e+03 2.744753340876406877e+00
1.933223571777343750e+03 4.513997936545895755e+03 2.734601954169528337e+00
1.933244445800781250e+03 4.513970158431687196e+03 2.734784602412818622e+00
1.933265258789062500e+03 4.513719445284890753e+03 2.734915020614518077e+00
1.933286071777343750e+03 4.514159732909995910e+03 2.730991122549484285e+00
1.933306945800781250e+03 4.518962943714400353e+03 2.728421689534825667e+00
1.933327758789062500e+03 4.514609475125411336e+03 2.731486773321146533e+00
1.933348571777343750e+03 4.516458211037712317e+03 2.725539225851514757e+00
1.933369445800781250e+03 4.514655354933784110e+03 2.733888855361171544e+00
1.933390258789062500e+03 4.513962944640033129e+03 2.721420554974208983e+00
1.933411132812500000e+03 4.518300112703734158e+03 2.722057304014577905e+00
1.933431945800781250e+03 4.517220060148506491e+03 2.721650867015284359e+00
1.933452819824218750e+03 4.515331751436933700e+03 2.723336921449847736e+00
1.933473632812500000e+03 4.516711068407745188e+03 2.724736692673821459e+00
1.933494445800781250e+03 4.518256661249954050e+03 2.727037448560178934e+00
1.933515319824218750e+03 4.517624298461603757e+03 2.728299612288588527e+00
1.933536132812500000e+03 4.512855944658411318e+03 2.725402585309950165e+00
1.933556945800781250e+03 4.513854375254200932e+03 2.732487926543734069e+00
1.933577819824218750e+03 4.515469139672793972e+03 2.726094465335995309e+00
1.933598632812500000e+03 4.512206955245470454e+03 2.724554508436140221e+00
1.933619445800781250e+03 4.516249990708767655e+03 2.728216418365569051e+00
1.933640319824218750e+03 4.509522434072005126e+03 2.724952200374115119e+00
1.933661132812500000e+03 4.518558919535791574e+03 2.730208617822505346e+00
1.933681945800781250e+03 4.516612007997234286e+03 2.732083826647278446e+00
1.933702819824218750e+03 4.516255003058940929e+03 2.733969958142398404e+00
1.933723632812500000e+03 4.512634023158737364e+03 2.737955071236000570e+00
1.933744445800781250e+03 4.511949300395179307e+03 2.727079850659187787e+00
1.933765319824218750e+03 4.515040213961817244e+03 2.731165370022815786e+00
1.933786132812500000e+03 4.510199696639267131e+03 2.732497698895461902e+00
1.933806945800781250e+03 4.514555657510567471e+03 2.725394449645490713e+00
1.933827819824218750e+03 4.506449490225116278e+03 2.723350316029346185e+00
1.933848632812500000e+03 4.509001498203400843e+03 2.721496860589945221e+00
1.933869445800781250e+03 4.512496352021823441e+03 2.720036257193642282e+00
1.933890319824218750e+03 4.509018872508259847e+03 2.722260674920838674e+00
1.933911132812500000e+03 4.511271903194324295e+03 2.726159795626940774e+00
1.933931945800781250e+03 4.511985832236624447e+03 2.730481847641601512e+00
1.933952819824218750e+03 4.509355366951429460e+03 2.723035131989230972e+00
1.933973632812500000e+03 4.506971002679003504e+03 2.723717722042818146e+00
1.933994445800781250e+03 4.512610345455331299e+03 2.727905292556222605e+00
1.934015319824218750e+03 4.511578406359167275e+03 2.724674915906370121e+00
1.934036132812500000e+03 4.509933950855725016e+03 2.724146868646546871e+00
1.934056945800781250e+03 4.509044615954031542e+03 2.727095150223773246e+00
1.934077819824218750e+03 4.510689557552551378e+03 2.730409373236728499e+00
1.934098632812500000e+03 4.510615381993981828e+03 2.736748237679686557e+00
1.934119445800781250e+03 4.513224935156167703e+03 2.731689180378734427e+00
1.934140319824218750e+03 4.507738746270267256e+03 2.723798777549217842e+00
1.934161132812500000e+03 4.515291942618981921e+03 2.719811944631495226e+00
1.934181945800781250e+03 4.509751535798646728e+03 2.717693342755051589e+00
1.934202819824218750e+03 4.511685986045949903e+03 2.716438275275429248e+00
1.934223632812500000e+03 4.511051787731941658e+03 2.721218610730581133e+00
1.934244445800781250e+03 4.508955836421384447e+03 2.713314278728615747e+00
1.934265319824218750e+03 4.510691603224842765e+03 2.713772305713635369e+00
1.934286132812500000e+03 4.507495191141058058e+03 2.731933550114499010e+00
1.934306945800781250e+03 4.509271879578621338e+03 2.714217694226163324e+00
1.934327819824218750e+03 4.510069796505797058e+03 2.716487864205495040e+00
1.934348632812500000e+03 4.509796686828936799e+03 2.712346043590430966e+00
1.934369445800781250e+03 4.515204578263763324e+03 2.718412619517573070e+00
1.934390319824218750e+03 4.511023057204170982e+03 2.718265095580689295e+00
1.934411132812500000e+03 4.512021564730059254e+03 2.718286759823247856e+00
1.934431945800781250e+03 4.512031798195813280e+03 2.718369468278835299e+00
1.934452819824218750e+03 4.507826850575116623e+03 2.722856073695244294e+00
1.934473632812500000e+03 4.507785168345436432e+03 2.708698766458863982e+00
1.934494445800781250e+03 4.509554054495198216e+03 2.714969154590153977e+00
1.934515319824218750e+03 4.511541587031064410e+03 2.720586748228894791e+00
1.934536132812500000e+03 4.514735293097803151e+03 2.715161816743354439e+00
1.934556945800781250e+03 4.515896890555844948e+03 2.713443795829163729e+00
1.934577819824218750e+03 4.511751841038651946e+03 2.733512611634987266e+00
1.934598632812500000e+03 4.512287158136140533e+03 2.713147848086232106e+00
1.934619445800781250e+03 4.514741220350444564e+03 2.717905022865565901e+00
1.934640319824218750e+03 4.514183559386628076e+03 2.711376671300820274e+00
1.934661132812500000e+03 4.512376363919784126e+03 2.714148562773763373e+00
1.934681945800781250e+03 4.510098389335007596e+03 2.711488255557835902e+00
1.934702819824218750e+03 4.513519241695398705e+03 2.711258663095059251e+00
1.934723632812500000e+03 4.516627455992903379e+03 2.714069590891445838e+00
1.934744445800781250e+03 4.516824253726755160e+03 2.711889973616906424e+00
1.934765319824218750e+03 4.513256727655743816e+03 2.726225386713537535e+00
1.934786132812500000e+03 4.512045876394232437e+03 2.717877390467244414e+00
1.934806945800781250e+03 4.508752750270969045e+03 2.713424201712201889e+00
1.934827819824218750e+03 4.510785056317224189e+03 2.717997830578834151e+00
1.934848632812500000e+03 4.505891043326773797e+03 2.712940718186275912e+00
1.934869445800781250e+03 4.508972591931680654e+03 2.721976984962407808e+00
1.934890319824218750e+03 4.515032766665411145e+03 2.710625446399584249e+00
1.934911132812500000e+03 4.506337736019713702e+03 2.708218136807296172e+00
1.934931945800781250e+03 4.512840392187945326e+03 2.709380392489407097e+00
1.934952819824218750e+03 4.510713845894742008e+03 2.711696903159439120e+00
1.934973632812500000e+03 4.511944067703793735e+03 2.707700264129586198e+00
1.934994445800781250e+03 4.509088430875905033e+03 2.707476162369634842e+00
1.935015319824218750e+03 4.508698097801840049e+03 2.707771761456251980e+00
1.935036132812500000e+03 4.511093166966527860e+03 2.709774768380043941e+00
1.935056945800781250e+03 4.516402630744916678e+03 2.712581169214823174e+00
1.935077819824218750e+03 4.512212338884006385e+03 2.709605480629373453e+00
1.935098632812500000e+03 4.510672217556080795e+03 2.713594920587059089e+00
1.935119445800781250e+03 4.509585392215578395e+03 2.713034398750541420e+00
1.935140319824218750e+03 4.508407906483742408e+03 2.709382504427503502e+00
1.935161132812500000e+03 4.513037351692270931e+03 2.716337953662894655e+00
1.935182006835937500e+03 4.510256076740804929e+03 2.706551293214579879e+00
1.935202819824218750e+03 4.514763776428194433e+03 2.708476331799300141e+00
1.935223693847656250e+03 4.512207378445829818e+03 2.707811119400614697e+00
1.935244506835937500e+03 4.511273767043507178e+03 2.706295997986369883e+00
1.935265319824218750e+03 4.508687686169413610e+03 2.704808939957194625e+00
1.935286193847656250e+03 4.508469103996249942e+03 2.704619859789545000e+00
1.935307006835937500e+03 4.508492364504658326e+03 2.704748647297221975e+00
1.935327819824218750e+03 4.510410261223657471e+03 2.704769097589821314e+00
1.935348693847656250e+03 4.507407332629778466e+03 2.705350896530458460e+00
1.935369506835937500e+03 4.508673702459264859e+03 2.721507811277730671e+00
1.935390319824218750e+03 4.511310011725909135e+03 2.710562204553180532e+00
1.935411193847656250e+03 4.512479112349870775e+03 2.703807325738655010e+00
1.935432006835937500e+03 4.505955281568937608e+03 2.709687486203562923e+00
1.935452819824218750e+03 4.503681427955456456e+03 2.702774289703819388e+00
1.935473693847656250e+03 4.504023755384048854e+03 2.705057412629413793e+00
1.935494506835937500e+03 4.506077227505322298e+03 2.705687790897901124e+00
1.935515319824218750e+03 4.509015989044255548e+03 2.710587976443404656e+00
1.935536193847656250e+03 4.512503900397826328e+03 2.706272123391727291e+00
1.935557006835937500e+03 4.509774500512755367e+03 2.710752277477798788e+00
1.935577819824218750e+03 4.506283231299730687e+03 2.709170334421485471e+00
1.935598693847656250e+03 4.508166676538136016e+03 2.704917886443117592e+00
1.935619506835937500e+03 4.505700527011229497e+03 2.706425674762548361e+00
1.935640319824218750e+03 4.506832243723799365e+03 2.700275396501153669e+00
1.935661193847656250e+03 4.510791959222344303e+03 2.701014317615443971e+00
1.935682006835937500e+03 4.513254179970026598e+03 2.722190871890759034e+00
1.935702819824218750e+03 4.506884288803493291e+03 2.717556483182701044e+00
1.935723693847656250e+03 4.503704403751249629e+03 2.700742520558654824e+00
1.935744506835937500e+03 4.506461305099244782e+03 2.705581430924601349e+00
1.935765319824218750e+03 4.503137224406153109e+03 2.712390433353125463e+00
1.935786193847656250e+03 4.505422417011328434e+03 2.703334116702391654e+00
1.935807006835937500e+03 4.510429532293042030e+03 2.700209616542130764e+00
1.935827819824218750e+03 4.509898061031030011e+03 2.701435068014180096e+00
1.935848693847656250e+03 4.507479318606389825e+03 2.703001956675079143e+00
1.935869506835937500e+03 4.504750776375631176e+03 2.716202693550083591e+00
1.935890319824218750e+03 4.509132318177757043e+03 2.706465492743150403e+00
1.935911193847656250e+03 4.509497143499846970e+03 2.701808189750275258e+00
1.935932006835937500e+03 4.503466624800693353e+03 2.710362442103623426e+00
1.935952819824218750e+03 4.511208489039468986e+03 2.704335200892111768e+00
1.935973693847656250e+03 4.508475688180275029e+03 2.697578428611394852e+00
1.935994506835937500e+03 4.508119916256140641e+03 2.699298862974245150e+00
1.936015319824218750e+03 4.508046250917861471e+03 2.705160620357614398e+00
1.936036193847656250e+03 4.508191993083748457e+03 2.698546131202689491e+00
1.936057006835937500e+03 4.506074022150724886e+03 2.697433742667564083e+00
1.936077819824218750e+03 4.514106074946344961e+03 2.705353716641729189e+00
1.936098693847656250e+03 4.508585198452779878e+03 2.704058182886068362e+00
1.936119506835937500e+03 4.510477085082748090e+03 2.708248596822071974e+00
1.936140319824218750e+03 4.510855703495964917e+03 2.698796770645545795e+00
1.936182006835937500e+03 4.523075092711416801e+03 2.696305067325054150e+00
1.936202819824218750e+03 4.523782524668693441e+03 2.712428054207017603e+00
1.936223693847656250e+03 4.519735298829208659e+03 2.701748094863198890e+00
1.936244506835937500e+03 4.520295639035884960e+03 2.695879182813810448e+00
1.936265319824218750e+03 4.523700823545033927e+03 2.697137806133731441e+00
1.936286193847656250e+03 4.520212661607504742e+03 2.708338742373029184e+00
1.936307006835937500e+03 4.520522056834925934e+03 2.699324830726855140e+00
1.936327819824218750e+03 4.521216340773148659e+03 2.695137703797644502e+00
1.936348693847656250e+03 4.524186232290718181e+03 2.701655876174203108e+00
1.936369506835937500e+03 4.517140169788093772e+03 2.696104071660099688e+00
1.936390319824218750e+03 4.524789802651571335e+03 2.704054567886827964e+00
1.936411193847656250e+03 4.521931838175167286e+03 2.697434891700742909e+00
1.936432006835937500e+03 4.522720068845905189e+03 2.696232116385242961e+00
1.936452819824218750e+03 4.523123460129326304e+03 2.703451677108171136e+00
1.936473693847656250e+03 4.523130267075452139e+03 2.694323283570548178e+00
1.936494506835937500e+03 4.523602521341235843e+03 2.697517355650043580e+00
1.936515319824218750e+03 4.525143967546195199e+03 2.700916777485713016e+00
1.936536193847656250e+03 4.524368397030708365e+03 2.695888026614732702e+00
1.936557006835937500e+03 4.521855338124094487e+03 2.699987630462568955e+00
1.936577819824218750e+03 4.518636819304212622e+03 2.697521421331530611e+00
1.936598693847656250e+03 4.521657779771976493e+03 2.701758860859019062e+00
1.936619506835937500e+03 4.522611704483211724e+03 2.697136922164741879e+00
1.936640319824218750e+03 4.523930693616034659e+03 2.699515341599082241e+00
1.936661193847656250e+03 4.524678437547723661e+03 2.711569324927529667e+00
1.936682006835937500e+03 4.521559443642689075e+03 2.692064977017571969e+00
1.936702819824218750e+03 4.521078752188117505e+03 2.693977356983344063e+00
1.936723693847656250e+03 4.521646307582243935e+03 2.694395047376253682e+00
1.936744506835937500e+03 4.526040420993611406e+03 2.695141596144180696e+00
1.936765319824218750e+03 4.522857071916459972e+03 2.694345228808961323e+00
1.936786193847656250e+03 4.524300175043501440e+03 2.696030407816162544e+00
1.936807006835937500e+03 4.522406901123924399e+03 2.700205290018862669e+00
1.936827819824218750e+03 4.525302728799019860e+03 2.696471476506751674e+00
1.936848693847656250e+03 4.520093999612367043e+03 2.700129707187865602e+00
1.936869506835937500e+03 4.521927863009951579e+03 2.695040216375870656e+00
1.936890319824218750e+03 4.522250118291278341e+03 2.701809425167118306e+00
1.936911193847656250e+03 4.520923834543342309e+03 2.690454943308182578e+00
1.936932006835937500e+03 4.524196093373520853e+03 2.696608522053157930e+00
1.936952819824218750e+03 4.519155596429993238e+03 2.693527205385596979e+00
1.936973693847656250e+03 4.522976019502342751e+03 2.701700176836804079e+00
1.936994506835937500e+03 4.518940383445407861e+03 2.692864674813859160e+00
1.937015319824218750e+03 4.519728349762740436e+03 2.691772701745552165e+00
1.937036193847656250e+03 4.524679371180101043e+03 2.700645676868953071e+00
1.937057006835937500e+03 4.523523615990175131e+03 2.693900094862438088e+00
1.937077819824218750e+03 4.521237980112910009e+03 2.688213342431413189e+00
1.937098693847656250e+03 4.520430476581197581e+03 2.694634659160699108e+00
1.937119567871093750e+03 4.522225937576844444e+03 2.691048873848795431e+00
1.937140380859375000e+03 4.517953181344760196e+03 2.689926382851380637e+00
1.937161193847656250e+03 4.521968813036194661e+03 2.701570273234280339e+00
1.937182067871093750e+03 4.521131672776526102e+03 2.691593158139407915e+00
1.937202880859375000e+03 4.521445942792382994e+03 2.698277266471440949e+00
1.937223693847656250e+03 4.519749290955134711e+03 2.697633490313145366e+00
1.937244567871093750e+03 4.521322707533076027e+03 2.687415099466325508e+00
1.937265380859375000e+03 4.522412835500201254e+03 2.698842796719781223e+00
1.937286193847656250e+03 4.522550140939155426e+03 2.689844572547434698e+00
1.937307067871093750e+03 4.522410493872769621e+03 2.689437877248897379e+00
1.937327880859375000e+03 4.520546961428522081e+03 2.687426543895294451e+00
1.937348693847656250e+03 4.522213978695397600e+03 2.689129091687313178e+00
1.937369567871093750e+03 4.521361878758712919e+03 2.685056951050256657e+00
1.937390380859375000e+03 4.520181895246414570e+03 2.686925161230212300e+00
1.937411193847656250e+03 4.518611489657849233e+03 2.688892624679926957e+00
1.937432067871093750e+03 4.522252796827189741e+03 2.696749185432048446e+00
1.937452880859375000e+03 4.523763966295666251e+03 2.688102477209251884e+00
1.937473693847656250e+03 4.519980812179889654e+03 2.697068413686736665e+00
1.937494567871093750e+03 4.523143433412609738e+03 2.689395413579467764e+00
1.937515380859375000e+03 4.521489445336448625e+03 2.686509593066836121e+00
1.937536193847656250e+03 4.523182241238953793e+03 2.693369643404102565e+00
1.937557067871093750e+03 4.524052956062227167e+03 2.687150267090093969e+00
1.937577880859375000e+03 4.523185776582499784e+03 2.695701593150693132e+00
1.937598693847656250e+03 4.518492600400485571e+03 2.688481794713170725e+00
1.937619567871093750e+03 4.521425036779231050e+03 2.686481726491446231e+00
1.937640380859375000e+03 4.518464735701980317e+03 2.685806006674171797e+00
1.937661193847656250e+03 4.522881999633033047e+03 2.685826512429759561e+00
1.937682067871093750e+03 4.520730829058609743e+03 2.686106919587038622e+00
1.937702880859375000e+03 4.522042587821579218e+03 2.687731710691605880e+00
1.937723693847656250e+03 4.521141361514186428e+03 2.711592713253969222e+00
1.937744567871093750e+03 4.519661348737474327e+03 2.685107918671446825e+00
1.937765380859375000e+03 4.520473993701178188e+03 2.686025170476007418e+00
1.937786193847656250e+03 4.521618126853654758e+03 2.693731579640153306e+00
1.937807067871093750e+03 4.520642798119226427e+03 2.689247361721876839e+00
1.937827880859375000e+03 4.520809332456740776e+03 2.685748305656028734e+00
1.937848693847656250e+03 4.521434756624706097e+03 2.693325559806306835e+00
1.937869567871093750e+03 4.520490317122512351e+03 2.686490334986673112e+00
1.937890380859375000e+03 4.520210937840081897e+03 2.683836013986227620e+00
1.937911193847656250e+03 4.522744572164621786e+03 2.685249806012639517e+00
1.937932067871093750e+03 4.521299587029689064e+03 2.687795401018614694e+00
1.937952880859375000e+03 4.521888244885700260e+03 2.687220802885973203e+00
1.937973693847656250e+03 4.522152539656462068e+03 2.689964761042310304e+00
1.937994567871093750e+03 4.521695502325306734e+03 2.684982984123087224e+00
1.938015380859375000e+03 4.521670711920196482e+03 2.687810214569145373e+00
1.938036193847656250e+03 4.522754952925534781e+03 2.687411550796281023e+00
1.938057067871093750e+03 4.520244095554880914e+03 2.691981548948950476e+00
1.938077880859375000e+03 4.521860792448189386e+03 2.687160293045660620e+00
1.938098693847656250e+03 4.523406775753044712e+03 2.690946542487447246e+00
1.938119567871093750e+03 4.522931009545611232e+03 2.687361514049801947e+00
1.938140380859375000e+03 4.524683580672932294e+03 2.697739633375705104e+00
1.938161193847656250e+03 4.526824899379418639e+03 2.691487304175670392e+00
1.938182067871093750e+03 4.525711596869411551e+03 2.688983419121082186e+00
1.938202880859375000e+03 4.523412790338199557e+03 2.689667736790601449e+00
1.938223693847656250e+03 4.519309445997267176e+03 2.689572089950104772e+00
1.938244567871093750e+03 4.524934259133046908e+03 2.688055025496851158e+00
1.938265380859375000e+03 4.525421249382492533e+03 2.686007772949969841e+00
1.938286193847656250e+03 4.527267831928506894e+03 2.689893942660195325e+00
1.938307067871093750e+03 4.525557083273699391e+03 2.688104428476690622e+00
1.938327880859375000e+03 4.521785654122762026e+03 2.684534787983397841e+00
1.938348693847656250e+03 4.524296045566121393e+03 2.687948233906375162e+00
1.938369567871093750e+03 4.523966345249998994e+03 2.692914697842235139e+00
1.938390380859375000e+03 4.521502666702970600e+03 2.703537661414805005e+00
1.938411193847656250e+03 4.525935508949351060e+03 2.686134346255833361e+00
1.938432067871093750e+03 4.525171847976376739e+03 2.689899703924905072e+00
1.938452880859375000e+03 4.523880884667072678e+03 2.693235354372459422e+00
1.938473693847656250e+03 4.527125872085035553e+03 2.695665861545764930e+00
1.938494567871093750e+03 4.522845510723591360e+03 2.686096179617778912e+00
1.938515380859375000e+03 4.525595614136774202e+03 2.690200336186121088e+00
1.938536193847656250e+03 4.525243730574916299e+03 2.689147710253614321e+00
1.938557067871093750e+03 4.523960654444511420e+03 2.691343265233845816e+00
1.938577880859375000e+03 4.526182140032004099e+03 2.686233044442565721e+00
1.938598693847656250e+03 4.527837057740382079e+03 2.699877513650313698e+00
1.938619567871093750e+03 4.525186441295034456e+03 2.688883580534488171e+00
1.938640380859375000e+03 4.523696022976198947e+03 2.694680490892760183e+00
1.938661193847656250e+03 4.526679483660376718e+03 2.694394074020528773e+00
1.938682067871093750e+03 4.523184589220571979e+03 2.686600645530416998e+00
1.938702880859375000e+03 4.523339865270436349e+03 2.685022143338353207e+00
1.938723693847656250e+03 4.527783680753341287e+03 2.686955951359437211e+00
1.938744567871093750e+03 4.526351402988303562e+03 2.685543057525695776e+00
1.938765380859375000e+03 4.524019868090737873e+03 2.696925380054983279e+00
1.938786193847656250e+03 4.528542322436923314e+03 2.689801672108618646e+00
1.938807067871093750e+03 4.524006713274605318e+03 2.686056858537462677e+00
1.938827880859375000e+03 4.528574673106179034e+03 2.697696681731880375e+00
1.938848693847656250e+03 4.525430621901694394e+03 2.693904166003150635e+00
1.938869567871093750e+03 4.523716695511930084e+03 2.688318970561657473e+00
1.938890380859375000e+03 4.525550559474696456e+03 2.687193121133979012e+00
1.938911193847656250e+03 4.524933456619500248e+03 2.692069759439966958e+00
1.938932067871093750e+03 4.526773084647384167e+03 2.694769143884233831e+00
1.938952880859375000e+03 4.526078772070460218e+03 2.691781736183802565e+00
1.938973693847656250e+03 4.523020662002232712e+03 2.685721851544028205e+00
1.938994567871093750e+03 4.522948081730224658e+03 2.694130635640553439e+00
1.939015380859375000e+03 4.526790052701428067e+03 2.688357371699527487e+00
1.939036193847656250e+03 4.528260254089571390e+03 2.688345931233140806e+00
1.939057067871093750e+03 4.524365786584045054e+03 2.686235174579279406e+00
1.939077880859375000e+03 4.523182489475038892e+03 2.686230204257653131e+00
1.939098693847656250e+03 4.526686164897339040e+03 2.687053465895824722e+00
1.939119567871093750e+03 4.527010386431223196e+03 2.697460170306847260e+00
1.939140380859375000e+03 4.526548675097592422e+03 2.691840636435019363e+00
1.939161193847656250e+03 4.525603094700981273e+03 2.690839068218730645e+00
1.939182067871093750e+03 4.526196079923147408e+03 2.684134482998391746e+00
1.939202880859375000e+03 4.525844113851712791e+03 2.689182553224200412e+00
1.939223693847656250e+03 4.526459126704225127e+03 2.691094412268396852e+00
1.939244567871093750e+03 4.523389168042966048e+03 2.685621980483870352e+00
1.939265380859375000e+03 4.528537093280318004e+03 2.688077908857124942e+00
1.939286193847656250e+03 4.525756399144579518e+03 2.684576973294528823e+00
1.939307067871093750e+03 4.526604958212617930e+03 2.690055873815272225e+00
1.939327880859375000e+03 4.523774217863254307e+03 2.690634031203085197e+00
1.939348693847656250e+03 4.527361123671777932e+03 2.688041188951947102e+00
1.939369567871093750e+03 4.525645311141855018e+03 2.689086445818716697e+00
1.939390441894531250e+03 4.527052564517675819e+03 2.686475247914990927e+00
1.939411254882812500e+03 4.524178575454277961e+03 2.685257175425670439e+00
1.939432067871093750e+03 4.525889482014900750e+03 2.686716542155697329e+00
1.939452941894531250e+03 4.527380501504337190e+03 2.687975198296385759e+00
1.939473754882812500e+03 4.529162231143605823e+03 2.693325028674223631e+00
1.939494567871093750e+03 4.528082276003286097e+03 2.687452803796158918e+00
1.939515441894531250e+03 4.526239296296436805e+03 2.687622067540317072e+00
1.939536254882812500e+03 4.528806200823600193e+03 2.687912221832061466e+00
1.939557067871093750e+03 4.528326886283651220e+03 2.690313596349708458e+00
1.939577941894531250e+03 4.526204604665513216e+03 2.686374694855441891e+00
1.939598754882812500e+03 4.528832232868081519e+03 2.687712638781946328e+00
1.939619567871093750e+03 4.525606052190308219e+03 2.687119035555119329e+00
1.939640441894531250e+03 4.525498222118166268e+03 2.695607664006981263e+00
1.939661254882812500e+03 4.527717037234371674e+03 2.697530966820504528e+00
1.939682067871093750e+03 4.526720418392625106e+03 2.688579785976969116e+00
1.939702941894531250e+03 4.526159203215805974e+03 2.686480040288119486e+00
1.939723754882812500e+03 4.525628840386035336e+03 2.691718848778668516e+00
1.939744567871093750e+03 4.527230292225264748e+03 2.689456227729464910e+00
1.939765441894531250e+03 4.523866073307449369e+03 2.687936791698605443e+00
1.939786254882812500e+03 4.526110674167674915e+03 2.688488711860715696e+00
1.939807067871093750e+03 4.527183534706631690e+03 2.687241120400691408e+00
1.939827941894531250e+03 4.522896262610655867e+03 2.686195589262705408e+00
1.939848754882812500e+03 4.524899277882599563e+03 2.695331341221510524e+00
1.939869567871093750e+03 4.524149624363968542e+03 2.691602724652350620e+00
1.939890441894531250e+03 4.524368632615955903e+03 2.686024460375109335e+00
1.939911254882812500e+03 4.526595730789322261e+03 2.695684169630229388e+00
1.939932067871093750e+03 4.523954529509022905e+03 2.698158066798566068e+00
1.939952941894531250e+03 4.525570414081463241e+03 2.698569279000347265e+00
1.939973754882812500e+03 4.526140213356090499e+03 2.687626148190809250e+00
1.939994567871093750e+03 4.521749038358953840e+03 2.688064781992108188e+00
1.940015441894531250e+03 4.522132213864578262e+03 2.688135648563086288e+00
1.940036254882812500e+03 4.525355078114191201e+03 2.694806302953333343e+00
1.940057067871093750e+03 4.525413972026562988e+03 2.690044617832379803e+00
1.940077941894531250e+03 4.523773587060177306e+03 2.692942851987587982e+00
1.940098754882812500e+03 4.522654834884977390e+03 2.687083456006202464e+00
1.940119567871093750e+03 4.528354830083675552e+03 2.697975413346861639e+00
1.940140441894531250e+03 4.526277058946760917e+03 2.693021292487902674e+00
1.940161254882812500e+03 4.527109260305932366e+03 2.691238375938532101e+00
1.940182067871093750e+03 4.526210421674884856e+03 2.704945122378971334e+00
1.940202941894531250e+03 4.524179487322018758e+03 2.689242130998200420e+00
1.940223754882812500e+03 4.525118039092360050e+03 2.684698552093473634e+00
1.940244567871093750e+03 4.526540636840109073e+03 2.685082701363065816e+00
1.940265441894531250e+03 4.526084271708339656e+03 2.685895485185998410e+00
1.940286254882812500e+03 4.518426065791938527e+03 2.686104789348616073e+00
1.940307067871093750e+03 4.525154753902930679e+03 2.694823997568051244e+00
1.940327941894531250e+03 4.521368838771720220e+03 2.689552765152244618e+00
1.940348754882812500e+03 4.522369674388807653e+03 2.689659847606235221e+00
1.940369567871093750e+03 4.523078526418596084e+03 2.695313915307599562e+00
1.940390441894531250e+03 4.521897583506999581e+03 2.689187074797976695e+00
1.940411254882812500e+03 4.525387376413922539e+03 2.686126712971606878e+00
1.940432067871093750e+03 4.526974968458669537e+03 2.691638244463099738e+00
1.940452941894531250e+03 4.523212282425423837e+03 2.686678383788249302e+00
1.940473754882812500e+03 4.522054466766920996e+03 2.686557782035785991e+00
1.940494567871093750e+03 4.520040032691536908e+03 2.689208530005210207e+00
1.940515441894531250e+03 4.520910322230898601e+03 2.686563017985875490e+00
1.940536254882812500e+03 4.521806280287060872e+03 2.688549723878532749e+00
1.940557067871093750e+03 4.524549117582766485e+03 2.701521381266026367e+00
1.940577941894531250e+03 4.523094749537473035e+03 2.685239062615240702e+00
1.940598754882812500e+03 4.520459123842347253e+03 2.686683442021604584e+00
1.940619567871093750e+03 4.521244908915425185e+03 2.689887295031735182e+00
1.940640441894531250e+03 4.526442022176937826e+03 2.691825136493863013e+00
1.940661254882812500e+03 4.524914015367796310e+03 2.684759650243879303e+00
1.940682067871093750e+03 4.525412091850544130e+03 2.692074276164428071e+00
1.940702941894531250e+03 4.525579918245120098e+03 2.686737750874446107e+00
1.940723754882812500e+03 4.524546618764056802e+03 2.700663598068830495e+00
1.940744567871093750e+03 4.523719445324519256e+03 2.701654464188947724e+00
1.940765441894531250e+03 4.527838723473563732e+03 2.693268019888314768e+00
1.940786254882812500e+03 4.529443901607312000e+03 2.689293639884766662e+00
1.940807067871093750e+03 4.527207622276648181e+03 2.689503211481007128e+00
1.940827941894531250e+03 4.526080751044304634e+03 2.686566124053140214e+00
1.940848754882812500e+03 4.526565733635436118e+03 2.707336936964567453e+00
1.941869567871093750e+03 4.523702740715583786e+03 3.273375444575134630e+00
1.941890441894531250e+03 4.522904829886691005e+03 3.341191105921153426e+00
1.941911254882812500e+03 4.514837993995748548e+03 3.401455225586890396e+00
1.941932067871093750e+03 4.526272169101153850e+03 3.453345244275421333e+00
1.941952941894531250e+03 4.517987949921796826e+03 3.505381125980298496e+00
1.941973754882812500e+03 4.521825251147522067e+03 3.553746495038859088e+00
1.941994567871093750e+03 4.521000225963187404e+03 3.607139126075638913e+00
1.942015441894531250e+03 4.516918150716388482e+03 3.662421991865025817e+00
1.942036254882812500e+03 4.518661721479535117e+03 3.715696347307991587e+00
1.942057067871093750e+03 4.513817437837187754e+03 3.753006429331817273e+00
1.942077941894531250e+03 4.509862552131253324e+03 3.793586971293085863e+00
1.942098754882812500e+03 4.510539268840117074e+03 3.836886597358114326e+00
1.942119567871093750e+03 4.514451899016954485e+03 3.873839173720000417e+00
1.942140441894531250e+03 4.512708493638896471e+03 3.911442471745920191e+00
1.942161254882812500e+03 4.515447558906989798e+03 3.949755412387960352e+00
1.942182067871093750e+03 4.513705645558777178e+03 3.984865405251930781e+00
1.942202941894531250e+03 4.506678195849301119e+03 4.018503070560054624e+00
1.942223754882812500e+03 4.506818013701682503e+03 4.052772496055651708e+00
1.942244567871093750e+03 4.509965003076795256e+03 4.076064952403950947e+00
1.942265441894531250e+03 4.512279802718949213e+03 4.094575289172987631e+00
1.942286254882812500e+03 4.507392367340362398e+03 4.103268107048965163e+00
1.942307067871093750e+03 4.506767119787527918e+03 4.106695541759222579e+00
1.942327941894531250e+03 4.517467028210146964e+03 4.110852342199865284e+00
1.942348754882812500e+03 4.508080525120738457e+03 4.106573622215100805e+00
1.942369567871093750e+03 4.514345207925405703e+03 4.111870881632446739e+00
1.942390441894531250e+03 4.519758421598591667e+03 4.121799961705614912e+00
1.942411254882812500e+03 4.513145520376841887e+03 4.138404797968727955e+00
1.942432067871093750e+03 4.514111620890747872e+03 4.166417127130467080e+00
1.942452941894531250e+03 4.514559139598855836e+03 4.187943392381048291e+00
1.942473754882812500e+03 4.510908425725254347e+03 4.207383051678879937e+00
1.942494567871093750e+03 4.514798928874210105e+03 4.216091194136506459e+00
1.942515441894531250e+03 4.514287636555709469e+03 4.217002902490613714e+00
1.942536254882812500e+03 4.519925539176445454e+03 4.213739881658952413e+00
1.942557067871093750e+03 4.510647985795905697e+03 4.198660482512501346e+00
1.942577941894531250e+03 4.514039506146807980e+03 4.189113704563381724e+00
1.942598754882812500e+03 4.519556777084231726e+03 4.182807912670836181e+00
1.942619567871093750e+03 4.518332944900983421e+03 4.176500820470834263e+00
1.942640441894531250e+03 4.518754935003536957e+03 4.169609454777640778e+00
1.942661254882812500e+03 4.514285702458284504e+03 4.164807222628696515e+00
1.942682067871093750e+03 4.519817696079444431e+03 4.161291979288361809e+00
1.942702941894531250e+03 4.520178438911083504e+03 4.142979596587960778e+00
1.942723754882812500e+03 4.517891513350539753e+03 4.124997225673783241e+00
1.942744567871093750e+03 4.519113568397264316e+03 4.117977059387960104e+00
1.942765441894531250e+03 4.520966529338507826e+03 4.111192192675646062e+00
1.942786254882812500e+03 4.514653990469028940e+03 4.106885496807370473e+00
1.942807067871093750e+03 4.515605263555444253e+03 4.106226421967838824e+00
1.942827941894531250e+03 4.517966982781767001e+03 4.111237890562628117e+00
1.942848754882812500e+03 4.522720053879726038e+03 4.116098451717767226e+00
1.942869567871093750e+03 4.522710332593502244e+03 4.118666207788239220e+00
1.942890441894531250e+03 4.526601089317264268e+03 4.118904696672229804e+00
1.942911254882812500e+03 4.520308636485442548e+03 4.102361575806943605e+00
1.942932067871093750e+03 4.515541225000182749e+03 4.088170099888824183e+00
1.942952941894531250e+03 4.518879684129169618e+03 4.075861861938225417e+00
1.942973754882812500e+03 4.519478861724724993e+03 4.053077686889546172e+00
1.942994567871093750e+03 4.527559015701048338e+03 4.031043468773756189e+00
1.943015441894531250e+03 4.520663052132422308e+03 4.007984536923486552e+00
1.943036254882812500e+03 4.522023323190842348e+03 3.977896895540136146e+00
1.943057067871093750e+03 4.519956664441726389e+03 3.949005634356971495e+00
1.943077941894531250e+03 4.528917327676743298e+03 3.918795406194091058e+00
1.943098754882812500e+03 4.528743400773397298e+03 3.890657233292366790e+00
1.943119567871093750e+03 4.525679363014061892e+03 3.863073885359947557e+00
1.943140441894531250e+03 4.521703387221601588e+03 3.832635829880003175e+00
1.943161254882812500e+03 4.521398240202161105e+03 3.806480157718029389e+00
1.943182067871093750e+03 4.520686015680068522e+03 3.778989257910290167e+00
1.943202941894531250e+03 4.521621068282602209e+03 3.759717684353446110e+00
1.943223754882812500e+03 4.522773444224600098e+03 3.743033231921479409e+00
1.943244567871093750e+03 4.522896630022802128e+03 3.728414718997002275e+00
1.943265441894531250e+03 4.523918932162454439e+03 3.712128458151648491e+00
1.943286254882812500e+03 4.524101267972349888e+03 3.689413964067246532e+00
1.943307067871093750e+03 4.518414956590233487e+03 3.666754735987161506e+00
1.943327941894531250e+03 4.518785129878000589e+03 3.639374219320122616e+00
1.943348754882812500e+03 4.524335882431980281e+03 3.606718596850222003e+00
1.943369567871093750e+03 4.518780711958595930e+03 3.570074495024496475e+00
1.943390441894531250e+03 4.519874113638838026e+03 3.542012246419283361e+00
1.943411254882812500e+03 4.526233864858606466e+03 3.518966375443429051e+00
1.943432067871093750e+03 4.524403832428100941e+03 3.501172278132995697e+00
1.943452941894531250e+03 4.529786814978382608e+03 3.494111830207303093e+00
1.943473754882812500e+03 4.530522270886292972e+03 3.469559721045013312e+00
1.943494567871093750e+03 4.528729763965646271e+03 3.455237385479418499e+00
1.943515441894531250e+03 4.529950741061307781e+03 3.446916064297052440e+00
1.943536254882812500e+03 4.524970579598226323e+03 3.438007386648465946e+00
1.943557067871093750e+03 4.527553585791902151e+03 3.433267102636623491e+00
1.943577941894531250e+03 4.529659487134209485e+03 3.429047057675774113e+00
1.943598754882812500e+03 4.529685585679893848e+03 3.417197178537819902e+00
1.943619567871093750e+03 4.524212386335755582e+03 3.404582744245548742e+00
1.943640441894531250e+03 4.523885271635255776e+03 3.398296625133329751e+00
1.943661254882812500e+03 4.521727624789125912e+03 3.388542696114888120e+00
1.943682067871093750e+03 4.531767473791809607e+03 3.380286280003193866e+00
1.943702941894531250e+03 4.524621198498938611e+03 3.378266625695359515e+00
1.943723754882812500e+03 4.522212144290380820e+03 3.356458666688592718e+00
1.943744567871093750e+03 4.526450291304452549e+03 3.343179671945360809e+00
1.943765441894531250e+03 4.524923638675343682e+03 3.324970451739962307e+00
1.943786254882812500e+03 4.530001659960911638e+03 3.305023969831702768e+00
1.943807067871093750e+03 4.521087884344753547e+03 3.302834715128285303e+00
1.943827941894531250e+03 4.529112121269266936e+03 3.287852302501060198e+00
1.943848754882812500e+03 4.522291196875343303e+03 3.281539468258500403e+00
1.943869567871093750e+03 4.524789711808358334e+03 3.275388441272751638e+00
1.943890441894531250e+03 4.524192858233936931e+03 3.282191550179591744e+00
1.943911254882812500e+03 4.524577412124450348e+03 3.279290622434852143e+00
1.943932067871093750e+03 4.526887254788087375e+03 3.270002579527604425e+00
1.943952941894531250e+03 4.526949764008504644e+03 3.265320248050206153e+00
1.943973754882812500e+03 4.525720485809652018e+03 3.262793814922838376e+00
1.943994567871093750e+03 4.525593178773644468e+03 3.253650375875167367e+00
1.944015441894531250e+03 4.524437719840576392e+03 3.246912002719778201e+00
1.944036254882812500e+03 4.527198949658775746e+03 3.237776584667206414e+00
1.944057067871093750e+03 4.528366352049657507e+03 3.222329084955552592e+00
1.944077941894531250e+03 4.517317971408945596e+03 3.211681419012702321e+00
1.944098754882812500e+03 4.522694121457037909e+03 3.196024248835654280e+00
1.944119567871093750e+03 4.526022718338704180e+03 3.178558824125376159e+00
1.944140441894531250e+03 4.526362281637673732e+03 3.175563527957325327e+00
1.944161254882812500e+03 4.526388603377517029e+03 3.157395409960765065e+00
1.944182128906250000e+03 4.524737846339912721e+03 3.139978902223499180e+00
1.944202941894531250e+03 4.526191932100857230e+03 3.130721538362848833e+00
1.944223815917968750e+03 4.526377630301621139e+03 3.122460668726922961e+00
1.944244628906250000e+03 4.526919724482648235e+03 3.121508669815354242e+00
1.944265441894531250e+03 4.525825029488034488e+03 3.114370808744969299e+00
1.944286315917968750e+03 4.526916138665575090e+03 3.112631314736303612e+00
1.944307128906250000e+03 4.527355821832775291e+03 3.101099243928016946e+00
1.944327941894531250e+03 4.526279102032322953e+03 3.108196092563836554e+00
1.944348815917968750e+03 4.524387817626665310e+03 3.081230339931574136e+00
1.944369628906250000e+03 4.525143753582355203e+03 3.071682767392904800e+00
1.944390441894531250e+03 4.526025158249792185e+03 3.058976930120393956e+00
1.944411315917968750e+03 4.522766240736928012e+03 3.044647028216608042e+00
1.944432128906250000e+03 4.523876419434793206e+03 3.034310752117765464e+00
1.944452941894531250e+03 4.526803684900954067e+03 3.025512771652617783e+00
1.944473815917968750e+03 4.526488357782185631e+03 3.022244634576358280e+00
1.944494628906250000e+03 4.531457606995143578e+03 3.038334541118282051e+00
1.944515441894531250e+03 4.528761603374994593e+03 3.014811035358345048e+00
1.944536315917968750e+03 4.530082914873119989e+03 3.012506958253034384e+00
1.944557128906250000e+03 4.531115988254521653e+03 3.010624193124502579e+00
1.944577941894531250e+03 4.525359271814440035e+03 3.008951026150308738e+00
1.944598815917968750e+03 4.531548826154825292e+03 3.009280631704049025e+00
1.944619628906250000e+03 4.526466741537101370e+03 3.001144826524603015e+00
1.946327941894531250e+03 4.528321184405418535e+03 2.814100022306754489e+00
1.946348815917968750e+03 4.525829645340424577e+03 2.803222443620985604e+00
1.946369628906250000e+03 4.537362788602860746e+03 2.799103770554954185e+00
1.946390441894531250e+03 4.531547605942553673e+03 2.795802843256404380e+00
1.946411315917968750e+03 4.526041697126456711e+03 2.799525534075798294e+00
1.946432128906250000e+03 4.533611049956516581e+03 2.786813037198024201e+00
1.946452941894531250e+03 4.533561433822810613e+03 2.787052402568980458e+00
1.946473815917968750e+03 4.531922492043540842e+03 2.786801829809423481e+00
1.946494628906250000e+03 4.531119904410390518e+03 2.790880225322897701e+00
1.946515441894531250e+03 4.531994110465437188e+03 2.786213421382537803e+00
1.946536315917968750e+03 4.526263489901702087e+03 2.784649603560889197e+00
1.946557128906250000e+03 4.527917486036301852e+03 2.788030866356284054e+00
1.946577941894531250e+03 4.531002144928348571e+03 2.782765179359737218e+00
1.946598815917968750e+03 4.530105748834959741e+03 2.787919780102516842e+00
1.946619628906250000e+03 4.528627511119257179e+03 2.783771957358826654e+00
1.946640441894531250e+03 4.532740199344369103e+03 2.784516805512124105e+00
1.946661315917968750e+03 4.530810600952291679e+03 2.787042650414501832e+00
1.946682128906250000e+03 4.533770337102700978e+03 2.784076240515063194e+00
1.946702941894531250e+03 4.533127288059411512e+03 2.781081891069150824e+00
1.946723815917968750e+03 4.530620573811484974e+03 2.781108638299863767e+00
1.946744628906250000e+03 4.534305069652862585e+03 2.785018168446640630e+00
1.946765441894531250e+03 4.531695308510660652e+03 2.781328693090989290e+00
1.946786315917968750e+03 4.527312499369810212e+03 2.780339209767111797e+00
1.946807128906250000e+03 4.528524232548660621e+03 2.781961671451380624e+00
1.946827941894531250e+03 4.527170296636120838e+03 2.781074775576635183e+00
1.946848815917968750e+03 4.529997794591698948e+03 2.779238026707003595e+00
1.946869628906250000e+03 4.531925854481252827e+03 2.777261252593106189e+00
1.946890441894531250e+03 4.528738967183504428e+03 2.784451474425031936e+00
1.946911315917968750e+03 4.527936508865652286e+03 2.780361676599621301e+00
1.946932128906250000e+03 4.527474009321221274e+03 2.786681454480859355e+00
1.946952941894531250e+03 4.527164935863364917e+03 2.772984771312520635e+00
1.946973815917968750e+03 4.529891978956830826e+03 2.774531103160897239e+00
1.946994628906250000e+03 4.528616213880129180e+03 2.772668350378199253e+00
1.947015441894531250e+03 4.528884769055577635e+03 2.775988799564511389e+00
1.947036315917968750e+03 4.526558010556505906e+03 2.782537012530962972e+00
1.947057128906250000e+03 4.525888623957804157e+03 2.771957905420832535e+00
1.947077941894531250e+03 4.529708678878216233e+03 2.768591631284594623e+00
1.947098815917968750e+03 4.528922324109077636e+03 2.776080867831701049e+00
1.947119628906250000e+03 4.527498826266001743e+03 2.768928063998086664e+00
1.947140441894531250e+03 4.527798945573587844e+03 2.760793916847117391e+00
1.947161315917968750e+03 4.528918028006925852e+03 2.766732204381059379e+00
1.947182128906250000e+03 4.529189376710676697e+03 2.769652801127597375e+00
1.947202941894531250e+03 4.529542860093569288e+03 2.761047627055869924e+00
1.947223815917968750e+03 4.527813997250968896e+03 2.756525274184736585e+00
1.947244628906250000e+03 4.528348952823751461e+03 2.759115457047088160e+00
1.947265441894531250e+03 4.527721921955590005e+03 2.761968145480973913e+00
1.947286315917968750e+03 4.528818432502190262e+03 2.759612795302772259e+00
1.947307128906250000e+03 4.528181879245077653e+03 2.762954457043321543e+00
1.947327941894531250e+03 4.528954012077949301e+03 2.759718455176770835e+00
1.947348815917968750e+03 4.527660336603044925e+03 2.756960642713934817e+00
1.947369628906250000e+03 4.528906939785261784e+03 2.753787553542423439e+00
1.947390441894531250e+03 4.527298236533634736e+03 2.751707760530764268e+00
1.947411315917968750e+03 4.528878025501608136e+03 2.748887270439793529e+00
1.947432128906250000e+03 4.526725263037818877e+03 2.750119900257040673e+00
1.947452941894531250e+03 4.530491509578440855e+03 2.748721605876769836e+00
1.947473815917968750e+03 4.527251318716716014e+03 2.751718071130663912e+00
1.947494628906250000e+03 4.529333837906168810e+03 2.749433285667063576e+00
1.947515441894531250e+03 4.531559491295938642e+03 2.762284756383364126e+00
1.947536315917968750e+03 4.527234239042452828e+03 2.751514451291376062e+00
1.947557128906250000e+03 4.530676834088772921e+03 2.752744172480613205e+00
1.947577941894531250e+03 4.528208679557276810e+03 2.754182063149619886e+00
1.947598815917968750e+03 4.528058887074457743e+03 2.755182238469044087e+00
1.947619628906250000e+03 4.524759868116927464e+03 2.756440596791695175e+00
1.947640441894531250e+03 4.523141954852627350e+03 2.755781684932121944e+00
1.947661315917968750e+03 4.527429793524154775e+03 2.759606574807972112e+00
1.947682128906250000e+03 4.524673628522130457e+03 2.750828011442219445e+00
1.947702941894531250e+03 4.525409189247973700e+03 2.756517143883993270e+00
1.947723815917968750e+03 4.526764069243517952e+03 2.746542664648436105e+00
1.947744628906250000e+03 4.528153471334714595e+03 2.748852056713803282e+00
1.947765441894531250e+03 4.528599199312086057e+03 2.751891179467158999e+00
1.947786315917968750e+03 4.529372690491667527e+03 2.751847773444761280e+00
1.947807128906250000e+03 4.525611858646286237e+03 2.758406188863197439e+00
1.947827941894531250e+03 4.523437281842092489e+03 2.758276708507650721e+00
1.947848815917968750e+03 4.526355571432532997e+03 2.757450328528246786e+00
1.947869628906250000e+03 4.524234565344234397e+03 2.754805094891441541e+00
1.947890441894531250e+03 4.524025274325616920e+03 2.760104688372813975e+00
1.947911315917968750e+03 4.524999498287021197e+03 2.747655649540336587e+00
1.947932128906250000e+03 4.519198048114565609e+03 2.756677669640031247e+00
1.947952941894531250e+03 4.524533835450854895e+03 2.752974029108129272e+00
1.947973815917968750e+03 4.526252406964902548e+03 2.744223596805019039e+00
1.947994628906250000e+03 4.524463125196276451e+03 2.749675037951040402e+00
1.948015441894531250e+03 4.524968381340011547e+03 2.747405301962109636e+00
1.948036315917968750e+03 4.526154326687753382e+03 2.754139905175307490e+00
1.948057128906250000e+03 4.530064057416641845e+03 2.753302844881678535e+00
1.948077941894531250e+03 4.522950743296925793e+03 2.751792150355350408e+00
1.948098815917968750e+03 4.527075302015820853e+03 2.745298875613158440e+00
1.948119628906250000e+03 4.525267064759941604e+03 2.745390149376977451e+00
1.948140441894531250e+03 4.525295025201554381e+03 2.742202976107058543e+00
1.948161315917968750e+03 4.522186393527532346e+03 2.745839352714489756e+00
1.948182128906250000e+03 4.525357283806097257e+03 2.737660205629847354e+00
1.948202941894531250e+03 4.524802924598629943e+03 2.736317407885195951e+00
1.948223815917968750e+03 4.526678386001321087e+03 2.739224650952347240e+00
1.948244628906250000e+03 4.524699775120372578e+03 2.737288748197661548e+00
1.948265441894531250e+03 4.525693498665586958e+03 2.740704083579396322e+00
1.948286315917968750e+03 4.524318886502413079e+03 2.739972385490096585e+00
1.948307128906250000e+03 4.523710390265856404e+03 2.738101273089721843e+00
1.948327941894531250e+03 4.527514077392852414e+03 2.741560470317670806e+00
1.948348815917968750e+03 4.522512503843126979e+03 2.736317843541087758e+00
1.948369628906250000e+03 4.523515207658372674e+03 2.732825052484438189e+00
1.948390441894531250e+03 4.531073184453525755e+03 2.736261381959485206e+00
1.948411315917968750e+03 4.522651830045781026e+03 2.738856104262722635e+00
1.948432128906250000e+03 4.523337732082492039e+03 2.737272460399391427e+00
1.948452941894531250e+03 4.525379340687115473e+03 2.732034695333785290e+00
1.948473815917968750e+03 4.528316612340193387e+03 2.740856923780543131e+00
1.948494628906250000e+03 4.524308635134470933e+03 2.730192899072114709e+00
1.948515441894531250e+03 4.528782750185636360e+03 2.734381452280333580e+00
1.948536315917968750e+03 4.525298009012779403e+03 2.730920320424744308e+00
1.948557128906250000e+03 4.528529905353060713e+03 2.733160741133118687e+00
1.948577941894531250e+03 4.525113188056337094e+03 2.729960949656901281e+00
1.948598815917968750e+03 4.522018820258203050e+03 2.729520051708175465e+00
1.948619628906250000e+03 4.526828954553681797e+03 2.729149320901585796e+00
1.948640441894531250e+03 4.524533011238956533e+03 2.728116966838741941e+00
1.948661315917968750e+03 4.525706233678302851e+03 2.728445807227942055e+00
1.948682128906250000e+03 4.525499502143453356e+03 2.726700568870563224e+00
1.948702941894531250e+03 4.521727175485022599e+03 2.741417409896421464e+00
1.948723815917968750e+03 4.521760190158564001e+03 2.728349247790671228e+00
1.948744628906250000e+03 4.521268494220321372e+03 2.726940839253722437e+00
1.948765441894531250e+03 4.524565093668320515e+03 2.744158957206336957e+00
1.948786315917968750e+03 4.521198627720569675e+03 2.728233546733574766e+00
1.948807128906250000e+03 4.523858508886575692e+03 2.727839479657137467e+00
1.948827941894531250e+03 4.521956280162423354e+03 2.730534761474053163e+00
1.948848815917968750e+03 4.523286058938012502e+03 2.733387272775519516e+00
1.948869628906250000e+03 4.523320563663739449e+03 2.738970050894544705e+00
1.948890441894531250e+03 4.520260423626694319e+03 2.728824147480880757e+00
1.948911315917968750e+03 4.522452069705467693e+03 2.734950762485089726e+00
1.948932128906250000e+03 4.522272250265581533e+03 2.733937517318619115e+00
1.948952941894531250e+03 4.523436077385762474e+03 2.728830350775399260e+00
1.948973815917968750e+03 4.525755864559491783e+03 2.732979554642469111e+00
1.948994628906250000e+03 4.525431764112798191e+03 2.736948948967695028e+00
1.949015441894531250e+03 4.524017814543849454e+03 2.722336519095216900e+00
1.949036315917968750e+03 4.522701568054685595e+03 2.725121059703414783e+00
1.949057128906250000e+03 4.521210900330799632e+03 2.724471550193490188e+00
1.949077941894531250e+03 4.521600557166661019e+03 2.725493213220326005e+00
1.949098815917968750e+03 4.522266053918786383e+03 2.733897227372529493e+00
1.949119628906250000e+03 4.521330814489625482e+03 2.723687872701123336e+00
1.949140441894531250e+03 4.520240627581051740e+03 2.726245413544166940e+00
1.949161315917968750e+03 4.516235649163152630e+03 2.726902456868844915e+00
1.949182128906250000e+03 4.518150298280648713e+03 2.722637860579485647e+00
1.949202941894531250e+03 4.522525513163863252e+03 2.727187120654622987e+00
1.949223815917968750e+03 4.519177369184651980e+03 2.718171332151484432e+00
1.949244628906250000e+03 4.520995482377848930e+03 2.716912536572400949e+00
1.949265441894531250e+03 4.520707650080683379e+03 2.720137581851859387e+00
1.949286315917968750e+03 4.521292810186088900e+03 2.716326455498638381e+00
1.949307128906250000e+03 4.522382366553451902e+03 2.720985370572825968e+00
1.949327941894531250e+03 4.517543364975579607e+03 2.717442516010196041e+00
1.949348815917968750e+03 4.518308857922038442e+03 2.717326438295465607e+00
1.949369628906250000e+03 4.521402861333836881e+03 2.722854147331729813e+00
1.949390441894531250e+03 4.520536726314605403e+03 2.726199150468269661e+00
1.949411315917968750e+03 4.524620538751019922e+03 2.716342956665733332e+00
1.949432128906250000e+03 4.519680029945595379e+03 2.716770898734550688e+00
1.949452941894531250e+03 4.523448065951645731e+03 2.722152247362113364e+00
1.949473815917968750e+03 4.521814362247094323e+03 2.717591312843072870e+00
1.949494628906250000e+03 4.521898887174441370e+03 2.726466136202302160e+00
1.949515441894531250e+03 4.521933630448202166e+03 2.720068425552022440e+00
1.949536315917968750e+03 4.522682287823957267e+03 2.729897719063678174e+00
1.949557128906250000e+03 4.521845452293957351e+03 2.712675125867632708e+00
1.949577941894531250e+03 4.522654138032412448e+03 2.712014196111157460e+00
1.949598815917968750e+03 4.521553623069765308e+03 2.717611578762439972e+00
1.949619628906250000e+03 4.515995712710320731e+03 2.709850346138697130e+00
1.949640441894531250e+03 4.520378410385376810e+03 2.711370691872942551e+00
1.949661315917968750e+03 4.520554693597860933e+03 2.711055786014746172e+00
1.949682128906250000e+03 4.520565543217657250e+03 2.710870483625453353e+00
1.949702941894531250e+03 4.518573373638711928e+03 2.711526592351447551e+00
1.949723815917968750e+03 4.517322879449371612e+03 2.717029333967862392e+00
1.949744628906250000e+03 4.518778305597123108e+03 2.713581829298559622e+00
1.949765441894531250e+03 4.516396944713611447e+03 2.713489309868702737e+00
1.949786315917968750e+03 4.518854664438220425e+03 2.713661430386010487e+00
1.949807128906250000e+03 4.521346821340159295e+03 2.714362627388136051e+00
1.949827941894531250e+03 4.523474285203691579e+03 2.712490109895879353e+00
1.949848815917968750e+03 4.517125192655262254e+03 2.716812407986014755e+00
1.949869628906250000e+03 4.518464234359240436e+03 2.710460873789907410e+00
1.949911315917968750e+03 4.524357962183407835e+03 2.716485055653107938e+00
1.949932128906250000e+03 4.525615591855534149e+03 2.721679424700606198e+00
1.949952941894531250e+03 4.524561539536206510e+03 2.714390998246849040e+00
1.949973815917968750e+03 4.524444138024617132e+03 2.722541795730286207e+00
1.949994628906250000e+03 4.525426323748525647e+03 2.716697005432098244e+00
1.950015441894531250e+03 4.523000603475944445e+03 2.712742361324975260e+00
1.950036315917968750e+03 4.524397635540908595e+03 2.725556371043952986e+00
1.950057128906250000e+03 4.523060132739627988e+03 2.715023775786941318e+00
1.950077941894531250e+03 4.523801046851614956e+03 2.716920609882230497e+00
1.950098815917968750e+03 4.522497460549898278e+03 2.713715287192565384e+00
1.950119628906250000e+03 4.522719341376207922e+03 2.713276845904817325e+00
1.950140441894531250e+03 4.524978716064308173e+03 2.713674345574078828e+00
1.950161315917968750e+03 4.522701156441224157e+03 2.712623357824450299e+00
1.950182128906250000e+03 4.527017092708505515e+03 2.707023147196567336e+00
1.950202941894531250e+03 4.525458740611424219e+03 2.709588058524655896e+00
1.950223815917968750e+03 4.524311742525351292e+03 2.708033784782365672e+00
1.950244628906250000e+03 4.526605239843293020e+03 2.706809735283158158e+00
1.950265441894531250e+03 4.526160413957604760e+03 2.709491267014048077e+00
1.950286315917968750e+03 4.528019559228292565e+03 2.716268788398684464e+00
1.950307128906250000e+03 4.528042883460820121e+03 2.715091919019160027e+00
1.950327941894531250e+03 4.526447906857769340e+03 2.708934560701420580e+00
1.950348815917968750e+03 4.523816776290585040e+03 2.708671568266239227e+00
1.950369628906250000e+03 4.525867359485141606e+03 2.707363355997888021e+00
1.950390441894531250e+03 4.525164664210033152e+03 2.707151644232702825e+00
1.950411315917968750e+03 4.526979203654617777e+03 2.707632287087982537e+00
1.950432128906250000e+03 4.523786693047926747e+03 2.713267355811090464e+00
1.950452941894531250e+03 4.526392298205135376e+03 2.705785511496137108e+00
1.950473815917968750e+03 4.523075569039851871e+03 2.714226917476135092e+00
1.950494628906250000e+03 4.526794316098928903e+03 2.705599319431302607e+00
1.950515441894531250e+03 4.528549389515386792e+03 2.707727472078627962e+00
1.950536315917968750e+03 4.527559549220663030e+03 2.705634831732080858e+00
1.950557128906250000e+03 4.525226620604030359e+03 2.706227985671367797e+00
1.950577941894531250e+03 4.523419582336727217e+03 2.702503640086839187e+00
1.950598815917968750e+03 4.527624686568455218e+03 2.710493771518967421e+00
1.950619628906250000e+03 4.524050767971773894e+03 2.700266390480636769e+00
1.950640441894531250e+03 4.529173525129494010e+03 2.702496053038192958e+00
1.950661315917968750e+03 4.529457555182657416e+03 2.715952431415302293e+00
1.950682128906250000e+03 4.527316358259999106e+03 2.709149829347126115e+00
1.950702941894531250e+03 4.527169910169848663e+03 2.702753295038289760e+00
1.950723815917968750e+03 4.527565793702186966e+03 2.703408728025220142e+00
1.950744628906250000e+03 4.527588447141600227e+03 2.699254522900838893e+00
1.950765441894531250e+03 4.525722018303215918e+03 2.704086750027144159e+00
1.950786315917968750e+03 4.531330124484139560e+03 2.702611885542526959e+00
1.950807128906250000e+03 4.525226242858914702e+03 2.699889170173376485e+00
1.950827941894531250e+03 4.527327408399711203e+03 2.701222185506255702e+00
1.950848815917968750e+03 4.525811311880551330e+03 2.700172178641858878e+00
1.950869628906250000e+03 4.523743133843198848e+03 2.700562955306491375e+00
1.950890441894531250e+03 4.526574863497203296e+03 2.699362545351238651e+00
1.950911315917968750e+03 4.528319221310530338e+03 2.699603305920775131e+00
1.950932128906250000e+03 4.528927993000064816e+03 2.700576992548422872e+00
1.950952941894531250e+03 4.529012619995983187e+03 2.705758372134822842e+00
1.950973815917968750e+03 4.521627526650791879e+03 2.697532380964146714e+00
1.950994628906250000e+03 4.524323594051790678e+03 2.700757527929971591e+00
1.951015441894531250e+03 4.530016259599844489e+03 2.702115526402170786e+00
1.951036315917968750e+03 4.522368026863786326e+03 2.713902943016302860e+00
1.951057128906250000e+03 4.526241598334869195e+03 2.708100783316621296e+00
1.951077941894531250e+03 4.525261616692663665e+03 2.701394822855895939e+00
1.951098815917968750e+03 4.523799662434063066e+03 2.708743832118639450e+00
1.951119628906250000e+03 4.526493873429266387e+03 2.709577323636680024e+00
1.951140441894531250e+03 4.522885400003704490e+03 2.705569975168531371e+00
1.951161315917968750e+03 4.521574389977156898e+03 2.694420796931823237e+00
1.951182128906250000e+03 4.521893508408520574e+03 2.694578208967623123e+00
1.951202941894531250e+03 4.524314286624924534e+03 2.714884322707166842e+00
1.951223815917968750e+03 4.522485360418696473e+03 2.699236415689297175e+00
1.951244628906250000e+03 4.524875644000363536e+03 2.696884360357950428e+00
1.951265441894531250e+03 4.525139485610696283e+03 2.694793739706351943e+00
1.951286315917968750e+03 4.523467901125688513e+03 2.694001694535003377e+00
1.951307128906250000e+03 4.522895699063171378e+03 2.699628564222423588e+00
1.951327941894531250e+03 4.524255235125155195e+03 2.694553876623114963e+00
1.951348815917968750e+03 4.523667841017970204e+03 2.692589487272921911e+00
1.951369628906250000e+03 4.523847062449652185e+03 2.696915390401752877e+00
1.951390441894531250e+03 4.521625628922011856e+03 2.694760561835915613e+00
1.951411315917968750e+03 4.521309526375435780e+03 2.694397967441317654e+00
1.951432128906250000e+03 4.521069557946419991e+03 2.693467899429348833e+00
1.951452941894531250e+03 4.522035751327272010e+03 2.692903985024084346e+00
1.951473815917968750e+03 4.522361727295575292e+03 2.701323774566885216e+00
1.951494628906250000e+03 4.520599529055769381e+03 2.697165032236738202e+00
1.951515441894531250e+03 4.522113739376879494e+03 2.692561417979821403e+00
1.951536315917968750e+03 4.524523169889346718e+03 2.690442536975894416e+00
1.951557128906250000e+03 4.522036593712122340e+03 2.692384495006501677e+00
1.951577941894531250e+03 4.522216564376409224e+03 2.696578018969622903e+00
1.951598815917968750e+03 4.522528896563931085e+03 2.695440759233199035e+00
1.951619628906250000e+03 4.522461408587600999e+03 2.691119218865356100e+00
1.951640441894531250e+03 4.519847586760415652e+03 2.687981584559664405e+00
1.951661315917968750e+03 4.522332936082603737e+03 2.688032851512295984e+00
1.951682128906250000e+03 4.524377660216761797e+03 2.691813002191929982e+00
1.951702941894531250e+03 4.520731039157788473e+03 2.687441625626481034e+00
1.951723815917968750e+03 4.521345392984321734e+03 2.693990720538928407e+00
1.951744628906250000e+03 4.522125646835780572e+03 2.687785643545521630e+00
1.951765441894531250e+03 4.518791596271936214e+03 2.701261021045689326e+00
1.951786315917968750e+03 4.518056229176936540e+03 2.686871033634755435e+00
1.951807128906250000e+03 4.519497410089725236e+03 2.688877817092603539e+00
1.951827941894531250e+03 4.520304591376921053e+03 2.685978658470645097e+00
1.951848815917968750e+03 4.520551224622820882e+03 2.700991367313581470e+00
1.951869628906250000e+03 4.520920898655715064e+03 2.692189937154294554e+00
1.951890441894531250e+03 4.519229337702377052e+03 2.688017329614271755e+00
1.951911315917968750e+03 4.522257732627343103e+03 2.684880243965916069e+00
1.951932128906250000e+03 4.517339089065131702e+03 2.685009978291814647e+00
1.951952941894531250e+03 4.521273698635968685e+03 2.692449580635205564e+00
1.951973815917968750e+03 4.514425655307545640e+03 2.683839567383976554e+00
1.951994628906250000e+03 4.518043900507746002e+03 2.692225449217669819e+00
1.952015441894531250e+03 4.515825366521036813e+03 2.683810429383550744e+00
1.952036315917968750e+03 4.517638918006243330e+03 2.696452643251834314e+00
1.952057128906250000e+03 4.515947414098687659e+03 2.687705719637079937e+00
1.952077941894531250e+03 4.516991733762881267e+03 2.686195411748761419e+00
1.952098815917968750e+03 4.514677213677638974e+03 2.690219656332249354e+00
1.952119628906250000e+03 4.516745613138929912e+03 2.684641626548017523e+00
1.952140441894531250e+03 4.514724768647794008e+03 2.683780669209002490e+00
1.952161315917968750e+03 4.516707663027067611e+03 2.686208015209649247e+00
1.952182128906250000e+03 4.517345522150247234e+03 2.692750902165304439e+00
1.952202941894531250e+03 4.516081807588727315e+03 2.683951852329653498e+00
1.952223815917968750e+03 4.512850411755028290e+03 2.684379362695632487e+00
1.952244628906250000e+03 4.514692005153751779e+03 2.683551815765887305e+00
1.952265441894531250e+03 4.515021490942611308e+03 2.682986261498263580e+00
1.952286315917968750e+03 4.517215791187318246e+03 2.700655917569159570e+00
1.952307128906250000e+03 4.511945379461861194e+03 2.683284291911134822e+00
1.952327941894531250e+03 4.515649174452210900e+03 2.684082253317141120e+00
1.952348815917968750e+03 4.514152537452364413e+03 2.685525212980817145e+00
1.952369628906250000e+03 4.512474618681795619e+03 2.686801908447896459e+00
1.952390441894531250e+03 4.516476624077547058e+03 2.692129361880411853e+00
1.952411315917968750e+03 4.509114943492073508e+03 2.683216851432989269e+00
1.952432128906250000e+03 4.513752765490885395e+03 2.684614895103162979e+00
1.952452941894531250e+03 4.516695687919858756e+03 2.686370168547997928e+00
1.952473815917968750e+03 4.513014711805022671e+03 2.682835367646288827e+00
1.952494628906250000e+03 4.513883023200424759e+03 2.684323762664476920e+00
1.952515441894531250e+03 4.510396255620195006e+03 2.696858899542530441e+00
1.952536315917968750e+03 4.515331624865025333e+03 2.684578394261889489e+00
1.952557128906250000e+03 4.513408429648802667e+03 2.685071957297054723e+00
1.952577941894531250e+03 4.513530960978574512e+03 2.684343835652007293e+00
1.952598815917968750e+03 4.512791014362921487e+03 2.683196770014493637e+00
1.952619628906250000e+03 4.511297835570631833e+03 2.693574914751883487e+00
1.952640441894531250e+03 4.512497077334426649e+03 2.688398166764730757e+00
1.952661315917968750e+03 4.510832863506084323e+03 2.686074522028498279e+00
1.952682128906250000e+03 4.510994527722376006e+03 2.694818777668791299e+00
1.952702941894531250e+03 4.512579577645433346e+03 2.689848915735536750e+00
1.952723815917968750e+03 4.513379015569056719e+03 2.683547995453516855e+00
1.952744628906250000e+03 4.510674951908678850e+03 2.691020256899002039e+00
1.952765441894531250e+03 4.511657535312459004e+03 2.683119997188259109e+00
1.952786315917968750e+03 4.509630221960293056e+03 2.686251150550791333e+00
1.952807128906250000e+03 4.509936155156072346e+03 2.688301587880102872e+00
1.952827941894531250e+03 4.510628667402678730e+03 2.698422879089434012e+00
1.952848815917968750e+03 4.510206330457190234e+03 2.688575529417087218e+00
1.952869628906250000e+03 4.509810124516533506e+03 2.688230725683582012e+00
1.952890441894531250e+03 4.506739483364976877e+03 2.687299499129648606e+00
1.952911315917968750e+03 4.511064397454935715e+03 2.694337618786853294e+00
1.952932128906250000e+03 4.508003002755634952e+03 2.682771204084607675e+00
1.952952941894531250e+03 4.506870436129443078e+03 2.683049709028773044e+00
1.952973815917968750e+03 4.507880504736357580e+03 2.685166610151720423e+00
1.952994628906250000e+03 4.509096997865187404e+03 2.691926460208225791e+00
1.953015441894531250e+03 4.508415741742317550e+03 2.691711231331242793e+00
1.953036315917968750e+03 4.508973457350090939e+03 2.699881752391795509e+00
1.953057128906250000e+03 4.506935820396023701e+03 2.681767226618237299e+00
1.953077941894531250e+03 4.508416654248748273e+03 2.688392845704375755e+00
1.953098815917968750e+03 4.507648038326363348e+03 2.683506238196258220e+00
1.953119628906250000e+03 4.507536925216957570e+03 2.686516071560467456e+00
1.953140441894531250e+03 4.506651999024901670e+03 2.682918280336246575e+00
1.953161315917968750e+03 4.507748603498137527e+03 2.688682828141280901e+00
1.953182128906250000e+03 4.508479593881747860e+03 2.686736863483711879e+00
1.953202941894531250e+03 4.504502423292769890e+03 2.681487521519346107e+00
1.953223815917968750e+03 4.507700365495536971e+03 2.688232676857931214e+00
1.953244628906250000e+03 4.506459531243873244e+03 2.683820023638136210e+00
1.953265441894531250e+03 4.508378328075925310e+03 2.684062977820880214e+00
1.953286315917968750e+03 4.506000292272875413e+03 2.682040235469354883e+00
1.953307128906250000e+03 4.506195842700666617e+03 2.683602367759316376e+00
1.953327941894531250e+03 4.505411052518936231e+03 2.684239649885300061e+00
1.953348815917968750e+03 4.501566941825408321e+03 2.689998175326157259e+00
1.953369628906250000e+03 4.505273454590256733e+03 2.682840344257305443e+00
1.953390441894531250e+03 4.501548956844235363e+03 2.683589663217866850e+00
1.953411315917968750e+03 4.503457799465185417e+03 2.689715869178225915e+00
1.953432128906250000e+03 4.504833025287794044e+03 2.683092628566296156e+00
1.953452941894531250e+03 4.503438430926098590e+03 2.692920718250259693e+00
1.953473815917968750e+03 4.505963162072021078e+03 2.683764234344301336e+00
1.953494628906250000e+03 4.503086734553530732e+03 2.681533311223345706e+00
1.953515441894531250e+03 4.505798920357417956e+03 2.685155156090663020e+00
1.953536315917968750e+03 4.504340775920507440e+03 2.682575682383915527e+00
1.953557128906250000e+03 4.502595107266130981e+03 2.684937253250817335e+00
1.953577941894531250e+03 4.505494910445449023e+03 2.685231693152500654e+00
1.953598815917968750e+03 4.503768494303628358e+03 2.687228433062351485e+00
1.953619628906250000e+03 4.500387129622661632e+03 2.686959944289831981e+00
1.953640441894531250e+03 4.500857006421701954e+03 2.683800479749975931e+00
1.953661315917968750e+03 4.504704025598301996e+03 2.681817278839805585e+00
1.953682128906250000e+03 4.501343125980371951e+03 2.686961186533633583e+00
1.953702941894531250e+03 4.505027076812081759e+03 2.687030041434780525e+00
1.953723815917968750e+03 4.502332792396575314e+03 2.689666229869532632e+00
1.953744628906250000e+03 4.500906862053381701e+03 2.682847986891963910e+00
1.953765441894531250e+03 4.502053070590023708e+03 2.680408703257360248e+00
1.953786315917968750e+03 4.503693208319780751e+03 2.683048731557189814e+00
1.953807128906250000e+03 4.500904007517660830e+03 2.683195792596483553e+00
1.953827941894531250e+03 4.498044200923197423e+03 2.679851293423667347e+00
1.953848815917968750e+03 4.499771566288852227e+03 2.686597362015677781e+00
1.953869628906250000e+03 4.499836797952722918e+03 2.683170113032110837e+00
1.953890441894531250e+03 4.503728589348970672e+03 2.685270316015589298e+00
1.953911315917968750e+03 4.499165671446899978e+03 2.680253750331899720e+00
1.953932128906250000e+03 4.498016554171075768e+03 2.680703373744087070e+00
1.953952941894531250e+03 4.495195745451514085e+03 2.680400164178963429e+00
1.953973815917968750e+03 4.501216124486946683e+03 2.681292795404392137e+00
1.953994628906250000e+03 4.500446677794102470e+03 2.682115350255315889e+00
1.954015441894531250e+03 4.500454152216103466e+03 2.682200685211132640e+00
1.954036315917968750e+03 4.501766484039789248e+03 2.683644034679451451e+00
1.954057128906250000e+03 4.499881365472996549e+03 2.682858739864327102e+00
1.954077941894531250e+03 4.496636646366024252e+03 2.683352974608508745e+00
1.954098815917968750e+03 4.499084965526995802e+03 2.682983417876332322e+00
1.954119628906250000e+03 4.497524510593911145e+03 2.687067307526821658e+00
1.954140441894531250e+03 4.496519188642046174e+03 2.682221396306601058e+00
1.954161315917968750e+03 4.497801413344182947e+03 2.683344356048247725e+00
1.954182128906250000e+03 4.498813038082672392e+03 2.680663350978958359e+00
1.954202941894531250e+03 4.500842330442116690e+03 2.687381741782904232e+00
1.954223815917968750e+03 4.496756598366876460e+03 2.682014722631497872e+00
1.954244628906250000e+03 4.496687499658146407e+03 2.687382185371836041e+00
1.954265441894531250e+03 4.494223328319689244e+03 2.682681354745403368e+00
1.954286315917968750e+03 4.496646436995042677e+03 2.687244403128829173e+00
1.954307128906250000e+03 4.494344559378145277e+03 2.680201533981418471e+00
1.954327941894531250e+03 4.494116594730774523e+03 2.685274577814726449e+00
1.954348815917968750e+03 4.493384334084105831e+03 2.690505542828107721e+00
1.954369628906250000e+03 4.494387621328045498e+03 2.684907949563976270e+00
1.954390441894531250e+03 4.491007743816084258e+03 2.683853603259091170e+00
1.954411315917968750e+03 4.495024745470524067e+03 2.680342168885059717e+00
1.954432128906250000e+03 4.493071940001676012e+03 2.691797767808406405e+00
1.954452941894531250e+03 4.491567007369621933e+03 2.688020434001046954e+00
1.954473815917968750e+03 4.492151756008796838e+03 2.680004401416864912e+00
1.954494628906250000e+03 4.491318901426670891e+03 2.679465059440175434e+00
1.954515441894531250e+03 4.491257028607744360e+03 2.690010583707842073e+00
1.954536315917968750e+03 4.488265779321945956e+03 2.680521754533224943e+00
1.954557128906250000e+03 4.489074757217877050e+03 2.688620577667428790e+00
1.954577941894531250e+03 4.491526639021794836e+03 2.686980707432235604e+00
1.954598815917968750e+03 4.490850640453304550e+03 2.679832699236733617e+00
1.954619628906250000e+03 4.489536216887809132e+03 2.678682811782711948e+00
1.954640441894531250e+03 4.492437464308505696e+03 2.681449644396584731e+00
1.954661315917968750e+03 4.490906309210965446e+03 2.682753341102527944e+00
1.954682128906250000e+03 4.492160529761442376e+03 2.686623541278395866e+00
1.954702941894531250e+03 4.490047743535445989e+03 2.679710365842903563e+00
1.954723815917968750e+03 4.492189822254735191e+03 2.689303125923254267e+00
1.954744628906250000e+03 4.490393740739573332e+03 2.679782876855855367e+00
1.954765441894531250e+03 4.488221491380908446e+03 2.684721020034263717e+00
1.954786315917968750e+03 4.486124830028389624e+03 2.683469811122042081e+00
1.954807128906250000e+03 4.485041450177857769e+03 2.681907868318363697e+00
1.954827941894531250e+03 4.484751033224842104e+03 2.690194841440320062e+00
1.954848815917968750e+03 4.485120491978292193e+03 2.682506357631633254e+00
1.954869628906250000e+03 4.484902907582621992e+03 2.683734917849273760e+00
