1.928119323730468750e+03 4.514117475384064164e+03 4.356391350575064436e+00
1.928140136718750000e+03 4.510105063035276544e+03 4.355023362176995150e+00
1.928160949707031250e+03 4.508745390203192073e+03 4.345507149724375573e+00
1.928181823730468750e+03 4.510543012849189836e+03 4.335635282964281245e+00
1.928202636718750000e+03 4.504067004062711931e+03 4.326782238616275755e+00
1.928223449707031250e+03 4.502788457331822428e+03 4.314630617883112862e+00
1.928244323730468750e+03 4.504703136562315194e+03 4.304500513463804801e+00
1.928265136718750000e+03 4.518475618514530652e+03 4.292456224026130585e+00
1.928285949707031250e+03 4.510394519810204656e+03 4.262600787361175314e+00
1.928306823730468750e+03 4.512488955983051710e+03 4.231030033316032224e+00
1.928327636718750000e+03 4.517779002074177697e+03 4.186377531462911250e+00
1.928348449707031250e+03 4.504563287085591583e+03 4.145956500858014593e+00
1.928369323730468750e+03 4.511866888799937442e+03 4.096917710419889502e+00
1.928390136718750000e+03 4.506700795890301379e+03 4.055927770479363481e+00
1.928410949707031250e+03 4.513091663931812946e+03 4.018527514526902600e+00
1.928431823730468750e+03 4.508087818701729702e+03 3.990793481196202475e+00
1.928452636718750000e+03 4.513979862127167507e+03 3.960671199597153969e+00
1.928473449707031250e+03 4.510062052164465058e+03 3.941565216457901144e+00
1.928494323730468750e+03 4.507711166308814427e+03 3.938167091656863850e+00
1.928515136718750000e+03 4.515106531598599759e+03 3.928151128009825133e+00
1.928535949707031250e+03 4.504522663684365398e+03 3.924781846708233157e+00
1.928556823730468750e+03 4.509768137220395147e+03 3.920541969902701318e+00
1.928577636718750000e+03 4.510168112950757859e+03 3.915459358870526874e+00
1.928598449707031250e+03 4.515584082581197436e+03 3.918140593969456908e+00
1.928619323730468750e+03 4.515708840105015042e+03 3.914752221774162599e+00
1.928640136718750000e+03 4.513089718735591305e+03 3.904912002294866458e+00
1.928660949707031250e+03 4.504316237023009307e+03 3.897990902564685278e+00
1.928681823730468750e+03 4.518623121941262070e+03 3.893469326135071462e+00
1.928702697753906250e+03 4.510413471661360745e+03 3.886864127502594357e+00
1.928723510742187500e+03 4.510539159623369414e+03 3.872498227655289504e+00
1.928744323730468750e+03 4.510156254023930160e+03 3.859022116647861989e+00
1.928765197753906250e+03 4.507547131456918578e+03 3.844114829016499257e+00
1.928786010742187500e+03 4.508043554320691328e+03 3.831794941466688975e+00
1.928806823730468750e+03 4.503440718553671104e+03 3.821327495893486415e+00
1.928827697753906250e+03 4.509507380476841718e+03 3.815884573040445815e+00
1.928848510742187500e+03 4.506531276794243240e+03 3.807398775875413754e+00
1.928869323730468750e+03 4.511938071887423575e+03 3.807476548882223533e+00
1.928890197753906250e+03 4.509598107457868537e+03 3.808985732032049931e+00
1.928911010742187500e+03 4.506476745371082870e+03 3.810694032268709730e+00
1.928931823730468750e+03 4.509323411533023318e+03 3.800336100120218941e+00
1.928952697753906250e+03 4.525352150334836551e+03 3.787262730987945858e+00
1.928973510742187500e+03 4.507207910567847648e+03 3.766690305337464739e+00
1.928994323730468750e+03 4.534756929936835149e+03 3.745529689228622949e+00
1.929015197753906250e+03 4.510869339919727281e+03 3.725220636579628319e+00
1.929036010742187500e+03 4.523491283601146279e+03 3.694767014484242384e+00
1.929056823730468750e+03 4.516472306521962309e+03 3.670801663271146875e+00
1.929077697753906250e+03 4.514802112796627625e+03 3.637203720978239296e+00
1.929098510742187500e+03 4.535661829665359619e+03 3.605567410029467457e+00
1.929119323730468750e+03 4.511056069444202876e+03 3.568513178942817721e+00
1.929140197753906250e+03 4.521941078854117222e+03 3.541427798724217979e+00
1.929161010742187500e+03 4.517891804015835078e+03 3.517433210117041575e+00
1.929181823730468750e+03 4.520632319523512706e+03 3.485110081339287458e+00
1.929202697753906250e+03 4.534269898909391486e+03 3.472583748540126969e+00
1.929223510742187500e+03 4.519100776955541733e+03 3.445917815925999772e+00
1.929244323730468750e+03 4.514519213983672671e+03 3.425404022221919309e+00
1.929265197753906250e+03 4.507373557413357048e+03 3.404177674019307709e+00
1.929286010742187500e+03 4.510910957512967798e+03 3.385909497506567334e+00
1.929306823730468750e+03 4.512844677131575736e+03 3.361550837425008265e+00
1.929327697753906250e+03 4.519077175568125313e+03 3.329292343371094809e+00
1.929348510742187500e+03 4.508496243219760800e+03 3.297559766480841592e+00
1.929369323730468750e+03 4.506543432468482933e+03 3.262678797707754708e+00
1.929390197753906250e+03 4.504254961616095898e+03 3.234245998002957201e+00
1.929411010742187500e+03 4.513361041540736551e+03 3.201546629032770319e+00
1.929431823730468750e+03 4.504028185339875563e+03 3.183044161486322743e+00
1.929452697753906250e+03 4.518615034046127221e+03 3.159339374828122882e+00
1.929473510742187500e+03 4.514024555004242757e+03 3.147178682222684820e+00
1.929494323730468750e+03 4.520133914258333789e+03 3.150026284971016111e+00
1.929515197753906250e+03 4.520172981251116653e+03 3.138632830487933845e+00
1.929536010742187500e+03 4.520341557597065730e+03 3.128310624292374609e+00
1.929556823730468750e+03 4.514037529866493969e+03 3.127698419925722284e+00
1.929577697753906250e+03 4.521107407882242114e+03 3.126611522955564659e+00
1.929598510742187500e+03 4.535675524814851997e+03 3.122590471213849028e+00
1.929619323730468750e+03 4.520587676362467391e+03 3.122745921680089243e+00
1.929640197753906250e+03 4.518934200402333772e+03 3.110156243867354231e+00
1.929661010742187500e+03 4.511792847327214986e+03 3.105940872867594127e+00
1.929681823730468750e+03 4.519272190921108631e+03 3.103448942703233904e+00
1.929702697753906250e+03 4.518541003223968801e+03 3.108781767568952414e+00
1.929723510742187500e+03 4.514871958483337039e+03 3.099340608671000474e+00
1.929744323730468750e+03 4.516260002807021010e+03 3.097420258931133930e+00
1.929765197753906250e+03 4.512125856613088217e+03 3.094431330091658605e+00
1.929786010742187500e+03 4.512785038938105572e+03 3.083137110746868803e+00
1.929806823730468750e+03 4.511405978022272393e+03 3.075738126662234340e+00
1.929827697753906250e+03 4.520332946863551115e+03 3.069858352425251180e+00
1.929848510742187500e+03 4.513600044373675701e+03 3.068324874985070672e+00
1.929869323730468750e+03 4.517099083535563295e+03 3.063747696799786535e+00
1.929890197753906250e+03 4.517079250194685301e+03 3.060991343812813348e+00
1.929911010742187500e+03 4.511363933782513413e+03 3.054413531961734485e+00
1.929931823730468750e+03 4.521683313602611634e+03 3.056349826422788407e+00
1.929952697753906250e+03 4.513734353831415319e+03 3.053200440270307237e+00
1.929973510742187500e+03 4.519651414880426273e+03 3.047037130101436286e+00
1.929994323730468750e+03 4.514033560701001079e+03 3.046096154461733541e+00
1.930015197753906250e+03 4.511973086318018431e+03 3.041269476750194656e+00
1.930036010742187500e+03 4.522422115295522417e+03 3.043989957715185657e+00
1.930056823730468750e+03 4.514038762395241974e+03 3.029528414094213140e+00
1.930077697753906250e+03 4.512924954919803895e+03 3.022748686322847878e+00
1.930098510742187500e+03 4.510629389967758470e+03 3.014087502478190128e+00
1.930119323730468750e+03 4.515034352703131844e+03 2.994132821408209910e+00
1.930140197753906250e+03 4.516786013507571624e+03 2.982457848352547458e+00
1.930161010742187500e+03 4.519008842978118082e+03 2.968909490216263158e+00
1.930181823730468750e+03 4.516391546893678424e+03 2.959349193682030421e+00
1.930202697753906250e+03 4.511714548030011429e+03 2.952778790883364479e+00
1.930223571777343750e+03 4.522728424282243395e+03 2.945532509759864581e+00
1.930244384765625000e+03 4.519688667043286841e+03 2.940056033735810814e+00
1.930265197753906250e+03 4.521068676191903251e+03 2.947981295646636468e+00
1.930286071777343750e+03 4.512312350368016268e+03 2.929098899205714090e+00
1.930306884765625000e+03 4.516287020221661805e+03 2.924046979012757230e+00
1.930327697753906250e+03 4.507991219947736681e+03 2.913138808238366906e+00
1.930348571777343750e+03 4.506093070452238862e+03 2.903304874033961092e+00
1.930369384765625000e+03 4.510617637227707746e+03 2.895436010387137049e+00
1.930390197753906250e+03 4.507253928185703444e+03 2.892801486090472274e+00
1.930411071777343750e+03 4.513074993282447394e+03 2.884896205046483253e+00
1.930431884765625000e+03 4.506889703624494359e+03 2.877722239193648779e+00
1.930452697753906250e+03 4.507767451518840971e+03 2.877872524722852710e+00
1.930473571777343750e+03 4.504618176256008155e+03 2.870923676935536850e+00
1.930494384765625000e+03 4.509293910108895034e+03 2.870463399393606618e+00
1.930515197753906250e+03 4.508074319596628811e+03 2.875552414606270091e+00
1.930536071777343750e+03 4.499834161281403794e+03 2.868168883795318092e+00
1.930556884765625000e+03 4.508861345182614969e+03 2.867069418655851187e+00
1.930577697753906250e+03 4.510395273827581150e+03 2.860830468134598625e+00
1.930598571777343750e+03 4.507984154864610900e+03 2.858177726521189399e+00
1.930619384765625000e+03 4.506843613268735680e+03 2.865493481861768998e+00
1.930640197753906250e+03 4.505404966440541102e+03 2.859703336948433261e+00
1.930661071777343750e+03 4.507475481031066010e+03 2.860230031399490613e+00
1.930681884765625000e+03 4.507022930002868634e+03 2.864094326011029867e+00
1.930702697753906250e+03 4.503750713155515768e+03 2.866474613883076561e+00
1.930723571777343750e+03 4.505453621285782901e+03 2.858430466702170936e+00
1.930744384765625000e+03 4.507461264143116750e+03 2.864818623445340773e+00
1.930765197753906250e+03 4.509404862196417525e+03 2.861665069218231938e+00
1.930786071777343750e+03 4.506567613786791298e+03 2.855400783914542551e+00
1.930806884765625000e+03 4.508611346800444153e+03 2.860058478711221763e+00
1.930827697753906250e+03 4.510850927529977525e+03 2.846659419149542902e+00
1.930848571777343750e+03 4.511665343127219785e+03 2.842905443141325872e+00
1.930869384765625000e+03 4.509257342959982452e+03 2.843002053296625586e+00
1.930890197753906250e+03 4.509153066972077795e+03 2.839132731549970590e+00
1.930911071777343750e+03 4.506100077583874736e+03 2.839490949919596385e+00
1.930931884765625000e+03 4.512117366676327038e+03 2.840150672246888774e+00
1.930952697753906250e+03 4.508087485461208416e+03 2.841917348713530966e+00
1.930973571777343750e+03 4.509626815005439312e+03 2.840687034945132972e+00
1.930994384765625000e+03 4.510090833907624074e+03 2.845892633478399603e+00
1.931015197753906250e+03 4.509146045609776593e+03 2.847131416506172741e+00
1.931036071777343750e+03 4.512448602199005109e+03 2.845730270224854586e+00
1.931056884765625000e+03 4.509067238452951642e+03 2.843557665682038049e+00
1.931077697753906250e+03 4.511495145692304504e+03 2.849836103846433488e+00
1.931098571777343750e+03 4.514585094718326218e+03 2.837639752278025895e+00
1.931119384765625000e+03 4.530634995457952755e+03 2.842314976396674631e+00
1.931140197753906250e+03 4.512025331175935207e+03 2.824018500313393076e+00
1.931161071777343750e+03 4.519775517441955344e+03 2.816826099947199236e+00
1.931181884765625000e+03 4.513710004486268190e+03 2.814326053797775895e+00
1.931202697753906250e+03 4.518980265648171553e+03 2.809709563399384269e+00
1.931223571777343750e+03 4.516134251709244381e+03 2.806721239518368272e+00
1.931244384765625000e+03 4.513508694821684003e+03 2.804871789514671310e+00
1.931265197753906250e+03 4.514826144851623212e+03 2.803286316651622645e+00
1.931286071777343750e+03 4.515463979813614969e+03 2.801893197076485098e+00
1.931306884765625000e+03 4.517442533606037614e+03 2.797585253332649735e+00
1.931327697753906250e+03 4.516490473805687543e+03 2.798427811376348551e+00
1.931348571777343750e+03 4.513825511140573326e+03 2.795458045782476031e+00
1.931369384765625000e+03 4.516237945806442440e+03 2.791641965918130630e+00
1.931390197753906250e+03 4.519932765358784309e+03 2.787274810863983543e+00
1.931411071777343750e+03 4.516946616349534452e+03 2.786581522752703766e+00
1.931431884765625000e+03 4.515535560569334848e+03 2.782373694254817398e+00
1.931452697753906250e+03 4.519815153134346474e+03 2.778823823003976123e+00
1.931473571777343750e+03 4.512355496381682315e+03 2.784054060570037237e+00
1.931494384765625000e+03 4.515347044920184089e+03 2.785616158584145019e+00
1.931515197753906250e+03 4.513457391928258403e+03 2.782687640722338873e+00
1.931536071777343750e+03 4.520752833588791873e+03 2.786804909706964928e+00
1.931556884765625000e+03 4.519566030609567861e+03 2.773203579346236847e+00
1.931577697753906250e+03 4.515339225353673100e+03 2.775584676510207238e+00
1.931598571777343750e+03 4.520587893587155122e+03 2.776241035292371873e+00
1.931619384765625000e+03 4.515578693908440073e+03 2.779926027782067877e+00
1.931640197753906250e+03 4.515345271000964203e+03 2.781814775022844799e+00
1.931661071777343750e+03 4.515155468960017060e+03 2.784272169960842369e+00
1.931681884765625000e+03 4.517619531976961298e+03 2.787930213333928986e+00
1.931702697753906250e+03 4.516712296408218208e+03 2.784165386697093680e+00
1.931723571777343750e+03 4.516750492680392199e+03 2.783358085735458509e+00
1.931744384765625000e+03 4.517055695452614600e+03 2.792843603784973094e+00
1.931765197753906250e+03 4.516914013850117954e+03 2.781734467219717288e+00
1.931786071777343750e+03 4.514791395706501135e+03 2.782457154004943867e+00
1.931806945800781250e+03 4.515885338735724872e+03 2.780429333254430979e+00
1.931827758789062500e+03 4.509880025641646171e+03 2.775364166283978751e+00
1.931848571777343750e+03 4.512421973056601928e+03 2.773064128834415332e+00
1.931869445800781250e+03 4.517499860104758227e+03 2.769529097842737375e+00
1.931890258789062500e+03 4.513846850949435975e+03 2.768061625930230196e+00
1.931911071777343750e+03 4.517056590765912915e+03 2.771770911428849349e+00
1.931931945800781250e+03 4.511438610558559958e+03 2.779037710130942695e+00
1.931952758789062500e+03 4.515446627962596722e+03 2.772894405865084622e+00
1.931973571777343750e+03 4.516879887140464234e+03 2.778732274625720589e+00
1.931994445800781250e+03 4.517321304548870103e+03 2.781802176193185705e+00
1.932015258789062500e+03 4.515646360096792705e+03 2.775234446201667815e+00
1.932036071777343750e+03 4.515961726456868746e+03 2.779270625040741738e+00
1.932056945800781250e+03 4.513048848344770704e+03 2.778398316265489054e+00
1.932077758789062500e+03 4.517577103542950681e+03 2.785681975879469530e+00
1.932098571777343750e+03 4.522206497341628165e+03 2.778440449401711199e+00
1.932119445800781250e+03 4.515300252470676242e+03 2.771396369423958728e+00
1.932140258789062500e+03 4.511792073458469531e+03 2.774660340562996375e+00
1.932161071777343750e+03 4.514825361246509601e+03 2.770015012514492447e+00
1.932181945800781250e+03 4.513643025851358288e+03 2.760825869381946962e+00
1.932202758789062500e+03 4.518510004306980591e+03 2.759337870606167087e+00
1.932223571777343750e+03 4.518449691753751722e+03 2.759798971677956736e+00
1.932244445800781250e+03 4.518345513861801010e+03 2.757068393161974829e+00
1.932265258789062500e+03 4.515881209263855453e+03 2.762341721777433090e+00
1.932286071777343750e+03 4.518131582426434761e+03 2.760476357636365563e+00
1.932306945800781250e+03 4.514887627571479243e+03 2.751640784012685081e+00
1.932327758789062500e+03 4.519528720088333102e+03 2.750209106818167992e+00
1.932348571777343750e+03 4.518682786742747339e+03 2.747495637982197092e+00
1.932369445800781250e+03 4.516711398861111775e+03 2.746866434928030731e+00
1.932390258789062500e+03 4.527770554122485919e+03 2.743221077304431432e+00
1.932411071777343750e+03 4.517040773761323180e+03 2.756612543668744308e+00
1.932431945800781250e+03 4.515701396833886065e+03 2.741961260643666520e+00
1.932452758789062500e+03 4.517680424670935281e+03 2.746361058819319023e+00
1.932473571777343750e+03 4.513172599801483557e+03 2.739503421754156953e+00
1.932494445800781250e+03 4.521390129331582102e+03 2.743788987840745541e+00
1.932515258789062500e+03 4.520260750722994999e+03 2.742065426970358377e+00
1.932536071777343750e+03 4.513870229067231776e+03 2.743782992153757316e+00
1.932556945800781250e+03 4.514354223798802195e+03 2.743279916035436194e+00
1.932577758789062500e+03 4.519224188422965199e+03 2.754869484691706116e+00
1.932598571777343750e+03 4.516947287285655875e+03 2.750574138702460036e+00
1.932619445800781250e+03 4.519869417604390037e+03 2.746633549864045953e+00
1.932640258789062500e+03 4.517784682777823946e+03 2.744473018403109865e+00
1.932661071777343750e+03 4.515552802643358518e+03 2.744496821299675648e+00
1.932681945800781250e+03 4.520649146223443495e+03 2.761867492209781449e+00
1.932702758789062500e+03 4.514675969770253687e+03 2.749218916506815269e+00
1.932723571777343750e+03 4.513891953311052930e+03 2.745700335911631207e+00
1.932744445800781250e+03 4.515815111811810311e+03 2.747743634571709226e+00
1.932765258789062500e+03 4.515376003956206659e+03 2.744505855921695048e+00
1.932786071777343750e+03 4.514335498103867394e+03 2.748881806270500938e+00
1.932806945800781250e+03 4.520102149300354540e+03 2.745548720556060474e+00
1.932827758789062500e+03 4.517114461303737698e+03 2.742518913043868078e+00
1.932848571777343750e+03 4.513650191632949827e+03 2.741233116198797504e+00
1.932869445800781250e+03 4.516031971883002370e+03 2.739248760568822938e+00
1.932890258789062500e+03 4.514206465611470776e+03 2.739897464587877085e+00
1.932911071777343750e+03 4.512421139831505570e+03 2.740144495669382785e+00
1.932931945800781250e+03 4.517879527087883616e+03 2.742515783412307950e+00
1.932952758789062500e+03 4.512086145614414818e+03 2.755848906866856574e+00
1.932973571777343750e+03 4.515534134339379307e+03 2.739098528958528345e+00
1.932994445800781250e+03 4.514424852941566314e+03 2.742107857528462755e+00
1.933015258789062500e+03 4.516772829892828668e+03 2.748316509626385962e+00
1.933036071777343750e+03 4.513006697568917843e+03 2.744206655121954164e+00
1.933056945800781250e+03 4.515115437114086490e+03 2.743858849662522026e+00
1.933077758789062500e+03 4.511542474116824451e+03 2.745699207076803372e+00
1.933098571777343750e+03 4.512743337728977167e+03 2.747178103721951370e+00
1.933119445800781250e+03 4.516491272076132191e+03 2.751288372293884343e+00
1.933140258789062500e+03 4.512545698630741754e+03 2.741204762222515079e+00
1.933161071777343750e+03 4.514803951869878802e+03 2.742077599738614424e+00
1.933181945800781250e+03 4.513492740574752133e+03 2.734601692611984269e+00
1.933202758789062500e+03 4.513784185416507171e+03 2.744753340876406877e+00
1.933223571777343750e+03 4.513554671783135745e+03 2.734601954169528337e+00
1.933244445800781250e+03 4.516781585441581228e+03 2.734784602412818622e+00
1.933265258789062500e+03 4.512753955501303608e+03 2.734915020614518077e+00
1.933286071777343750e+03 4.513117733885661437e+03 2.730991122549484285e+00
1.933306945800781250e+03 4.515960482417436651e+03 2.728421689534825667e+00
1.933327758789062500e+03 4.514976418895723327e+03 2.731486773321146533e+00
1.933348571777343750e+03 4.515715888156657456e+03 2.725539225851514757e+00
1.933369445800781250e+03 4.515903021875002196e+03 2.733888855361171544e+00
1.933390258789062500e+03 4.516213026388608341e+03 2.721420554974208983e+00
1.933411132812500000e+03 4.517993266935346583e+03 2.722057304014577905e+00
1.933431945800781250e+03 4.513891640049810121e+03 2.721650867015284359e+00
1.933452819824218750e+03 4.514434747943217189e+03 2.723336921449847736e+00
1.933473632812500000e+03 4.514710748885104294e+03 2.724736692673821459e+00
1.933494445800781250e+03 4.516348191888815563e+03 2.727037448560178934e+00
1.933515319824218750e+03 4.516039039830199727e+03 2.728299612288588527e+00
1.933536132812500000e+03 4.511481911766072699e+03 2.725402585309950165e+00
1.933556945800781250e+03 4.515022194945294359e+03 2.732487926543734069e+00
1.933577819824218750e+03 4.513400661566099188e+03 2.726094465335995309e+00
1.933598632812500000e+03 4.511154436330079079e+03 2.724554508436140221e+00
1.933619445800781250e+03 4.516612323633721644e+03 2.728216418365569051e+00
1.933640319824218750e+03 4.509896568115903392e+03 2.724952200374115119e+00
1.933661132812500000e+03 4.517215447711063462e+03 2.730208617822505346e+00
1.933681945800781250e+03 4.517527936899032284e+03 2.732083826647278446e+00
1.933702819824218750e+03 4.516069404977542035e+03 2.733969958142398404e+00
1.933723632812500000e+03 4.513022722148519279e+03 2.737955071236000570e+00
1.933744445800781250e+03 4.514260312901457837e+03 2.727079850659187787e+00
1.933765319824218750e+03 4.515628385649427400e+03 2.731165370022815786e+00
1.933786132812500000e+03 4.512595127746692924e+03 2.732497698895461902e+00
1.933806945800781250e+03 4.518487024303265571e+03 2.725394449645490713e+00
1.933827819824218750e+03 4.511777308262912811e+03 2.723350316029346185e+00
1.933848632812500000e+03 4.512017771469056242e+03 2.721496860589945221e+00
1.933869445800781250e+03 4.518847833845565219e+03 2.720036257193642282e+00
1.933890319824218750e+03 4.511660541615178772e+03 2.722260674920838674e+00
1.933911132812500000e+03 4.514412712589650255e+03 2.726159795626940774e+00
1.933931945800781250e+03 4.514647871615745316e+03 2.730481847641601512e+00
1.933952819824218750e+03 4.511810975400746429e+03 2.723035131989230972e+00
1.933973632812500000e+03 4.512103217545572988e+03 2.723717722042818146e+00
1.933994445800781250e+03 4.515682209483687984e+03 2.727905292556222605e+00
1.934015319824218750e+03 4.514184922727406047e+03 2.724674915906370121e+00
1.934036132812500000e+03 4.513569272214582270e+03 2.724146868646546871e+00
1.934056945800781250e+03 4.515546462985778817e+03 2.727095150223773246e+00
1.934077819824218750e+03 4.513178115043709113e+03 2.730409373236728499e+00
1.934098632812500000e+03 4.513674191900118785e+03 2.736748237679686557e+00
1.934119445800781250e+03 4.516377987830455822e+03 2.731689180378734427e+00
1.934140319824218750e+03 4.513150310326492217e+03 2.723798777549217842e+00
1.934161132812500000e+03 4.516905885133873198e+03 2.719811944631495226e+00
1.934181945800781250e+03 4.514381883857327011e+03 2.717693342755051589e+00
1.934202819824218750e+03 4.515189371053817013e+03 2.716438275275429248e+00
1.934223632812500000e+03 4.517184971749410579e+03 2.721218610730581133e+00
1.934244445800781250e+03 4.514559944039886432e+03 2.713314278728615747e+00
1.934265319824218750e+03 4.514956105617052344e+03 2.713772305713635369e+00
1.934286132812500000e+03 4.513316189848286740e+03 2.731933550114499010e+00
1.934306945800781250e+03 4.514772383150479072e+03 2.714217694226163324e+00
1.934327819824218750e+03 4.514088098574868127e+03 2.716487864205495040e+00
1.934348632812500000e+03 4.514135195637159995e+03 2.712346043590430966e+00
1.934369445800781250e+03 4.518279361938534748e+03 2.718412619517573070e+00
1.934390319824218750e+03 4.515781645959677007e+03 2.718265095580689295e+00
1.934411132812500000e+03 4.514588559150392939e+03 2.718286759823247856e+00
1.934431945800781250e+03 4.514495072146577513e+03 2.718369468278835299e+00
1.934452819824218750e+03 4.511228872397622581e+03 2.722856073695244294e+00
1.934473632812500000e+03 4.514446364677239217e+03 2.708698766458863982e+00
1.934494445800781250e+03 4.514923548626447882e+03 2.714969154590153977e+00
1.934515319824218750e+03 4.514590343185185702e+03 2.720586748228894791e+00
1.934536132812500000e+03 4.518344418009702167e+03 2.715161816743354439e+00
1.934556945800781250e+03 4.516052613870584537e+03 2.713443795829163729e+00
1.934577819824218750e+03 4.516442853235061193e+03 2.733512611634987266e+00
1.934598632812500000e+03 4.518073688502978257e+03 2.713147848086232106e+00
1.934619445800781250e+03 4.518117697169751409e+03 2.717905022865565901e+00
1.934640319824218750e+03 4.516739981400171018e+03 2.711376671300820274e+00
1.934661132812500000e+03 4.514648290072864256e+03 2.714148562773763373e+00
1.934681945800781250e+03 4.516244000374731513e+03 2.711488255557835902e+00
1.934702819824218750e+03 4.516162331352794354e+03 2.711258663095059251e+00
1.934723632812500000e+03 4.519053416884310536e+03 2.714069590891445838e+00
1.934744445800781250e+03 4.517204480375766252e+03 2.711889973616906424e+00
1.934765319824218750e+03 4.516862733597102306e+03 2.726225386713537535e+00
1.934786132812500000e+03 4.515415676748481019e+03 2.717877390467244414e+00
1.934806945800781250e+03 4.514527957359673564e+03 2.713424201712201889e+00
1.934827819824218750e+03 4.514749583151607112e+03 2.717997830578834151e+00
1.934848632812500000e+03 4.512758552785220672e+03 2.712940718186275912e+00
1.934869445800781250e+03 4.512236399591307418e+03 2.721976984962407808e+00
1.934890319824218750e+03 4.516412767350282593e+03 2.710625446399584249e+00
1.934911132812500000e+03 4.509692942079709610e+03 2.708218136807296172e+00
1.934931945800781250e+03 4.516308722916061015e+03 2.709380392489407097e+00
1.934952819824218750e+03 4.512897484557104690e+03 2.711696903159439120e+00
1.934973632812500000e+03 4.513497360858003049e+03 2.707700264129586198e+00
1.934994445800781250e+03 4.514167949348001457e+03 2.707476162369634842e+00
1.935015319824218750e+03 4.510853628020967335e+03 2.707771761456251980e+00
1.935036132812500000e+03 4.512624952062992634e+03 2.709774768380043941e+00
1.935056945800781250e+03 4.515064032221910566e+03 2.712581169214823174e+00
1.935077819824218750e+03 4.513783227344096304e+03 2.709605480629373453e+00
1.935098632812500000e+03 4.511158544309643730e+03 2.713594920587059089e+00
1.935119445800781250e+03 4.510198088785567052e+03 2.713034398750541420e+00
1.935140319824218750e+03 4.512630590313318862e+03 2.709382504427503502e+00
1.935161132812500000e+03 4.514302024438220542e+03 2.716337953662894655e+00
1.935182006835937500e+03 4.516365773102250387e+03 2.706551293214579879e+00
1.935202819824218750e+03 4.515677465273648522e+03 2.708476331799300141e+00
1.935223693847656250e+03 4.515001195503482450e+03 2.707811119400614697e+00
1.935244506835937500e+03 4.514819805194807486e+03 2.706295997986369883e+00
1.935265319824218750e+03 4.510128448338147791e+03 2.704808939957194625e+00
1.935286193847656250e+03 4.511286043989232894e+03 2.704619859789545000e+00
1.935307006835937500e+03 4.511773381945175061e+03 2.704748647297221975e+00
1.935327819824218750e+03 4.514867262503784332e+03 2.704769097589821314e+00
1.935348693847656250e+03 4.512365860611471362e+03 2.705350896530458460e+00
1.935369506835937500e+03 4.513078328482421966e+03 2.721507811277730671e+00
1.935390319824218750e+03 4.514775682389989925e+03 2.710562204553180532e+00
1.935411193847656250e+03 4.520545468551959857e+03 2.703807325738655010e+00
1.935432006835937500e+03 4.512323573244193540e+03 2.709687486203562923e+00
1.935452819824218750e+03 4.511458369714351647e+03 2.702774289703819388e+00
1.935473693847656250e+03 4.512881302142960521e+03 2.705057412629413793e+00
1.935494506835937500e+03 4.511380285164857924e+03 2.705687790897901124e+00
1.935515319824218750e+03 4.513094578893284961e+03 2.710587976443404656e+00
1.935536193847656250e+03 4.513636571375581298e+03 2.706272123391727291e+00
1.935557006835937500e+03 4.513058703827714453e+03 2.710752277477798788e+00
1.935577819824218750e+03 4.511267733839534230e+03 2.709170334421485471e+00
1.935598693847656250e+03 4.511859136469578516e+03 2.704917886443117592e+00
1.935619506835937500e+03 4.508890962045512424e+03 2.706425674762548361e+00
1.935640319824218750e+03 4.511823193548348172e+03 2.700275396501153669e+00
1.935661193847656250e+03 4.514445070284877147e+03 2.701014317615443971e+00
1.935682006835937500e+03 4.517392660975515355e+03 2.722190871890759034e+00
1.935702819824218750e+03 4.512044131305961855e+03 2.717556483182701044e+00
1.935723693847656250e+03 4.510822699492628999e+03 2.700742520558654824e+00
1.935744506835937500e+03 4.510701861810057380e+03 2.705581430924601349e+00
1.935765319824218750e+03 4.509049730697093764e+03 2.712390433353125463e+00
1.935786193847656250e+03 4.512688400333659047e+03 2.703334116702391654e+00
1.935807006835937500e+03 4.514420490922599129e+03 2.700209616542130764e+00
1.935827819824218750e+03 4.511497311215830450e+03 2.701435068014180096e+00
1.935848693847656250e+03 4.510060755559376048e+03 2.703001956675079143e+00
1.935869506835937500e+03 4.509292480061639253e+03 2.716202693550083591e+00
1.935890319824218750e+03 4.514745787580371143e+03 2.706465492743150403e+00
1.935911193847656250e+03 4.512879922891909700e+03 2.701808189750275258e+00
1.935932006835937500e+03 4.510565351713173186e+03 2.710362442103623426e+00
1.935952819824218750e+03 4.515505582367779425e+03 2.704335200892111768e+00
1.935973693847656250e+03 4.512209546258853152e+03 2.697578428611394852e+00
1.935994506835937500e+03 4.513617079107811151e+03 2.699298862974245150e+00
1.936015319824218750e+03 4.511967248689019470e+03 2.705160620357614398e+00
1.936036193847656250e+03 4.515079268646459241e+03 2.698546131202689491e+00
1.936057006835937500e+03 4.511291989192373876e+03 2.697433742667564083e+00
1.936077819824218750e+03 4.519770015868508381e+03 2.705353716641729189e+00
1.936098693847656250e+03 4.510931394439490759e+03 2.704058182886068362e+00
1.936119506835937500e+03 4.515178716380790320e+03 2.708248596822071974e+00
1.936140319824218750e+03 4.511112971847351218e+03 2.698796770645545795e+00
1.936182006835937500e+03 4.515082611094563617e+03 2.696305067325054150e+00
1.936202819824218750e+03 4.517241385756925411e+03 2.712428054207017603e+00
1.936223693847656250e+03 4.512240491878539615e+03 2.701748094863198890e+00
1.936244506835937500e+03 4.512792677331052801e+03 2.695879182813810448e+00
1.936265319824218750e+03 4.515916607403734815e+03 2.697137806133731441e+00
1.936286193847656250e+03 4.513306319934221392e+03 2.708338742373029184e+00
1.936307006835937500e+03 4.513566609571115805e+03 2.699324830726855140e+00
1.936327819824218750e+03 4.513964408691867902e+03 2.695137703797644502e+00
1.936348693847656250e+03 4.517094064440076181e+03 2.701655876174203108e+00
1.936369506835937500e+03 4.508911639332705818e+03 2.696104071660099688e+00
1.936390319824218750e+03 4.518240854714514171e+03 2.704054567886827964e+00
1.936411193847656250e+03 4.513838255227487934e+03 2.697434891700742909e+00
1.936432006835937500e+03 4.515859324551559439e+03 2.696232116385242961e+00
1.936452819824218750e+03 4.514365957944899492e+03 2.703451677108171136e+00
1.936473693847656250e+03 4.516290468910110576e+03 2.694323283570548178e+00
1.936494506835937500e+03 4.515910144353597389e+03 2.697517355650043580e+00
1.936515319824218750e+03 4.518108582332619335e+03 2.700916777485713016e+00
1.936536193847656250e+03 4.517044228478668629e+03 2.695888026614732702e+00
1.936557006835937500e+03 4.514504110285258321e+03 2.699987630462568955e+00
1.936577819824218750e+03 4.510575599316870466e+03 2.697521421331530611e+00
1.936598693847656250e+03 4.514067778959023599e+03 2.701758860859019062e+00
1.936619506835937500e+03 4.516570070660333840e+03 2.697136922164741879e+00
1.936640319824218750e+03 4.516964393623253272e+03 2.699515341599082241e+00
1.936661193847656250e+03 4.518140458028865396e+03 2.711569324927529667e+00
1.936682006835937500e+03 4.514031329142071627e+03 2.692064977017571969e+00
1.936702819824218750e+03 4.513253681010959554e+03 2.693977356983344063e+00
1.936723693847656250e+03 4.513479900358677696e+03 2.694395047376253682e+00
1.936744506835937500e+03 4.517912912515947028e+03 2.695141596144180696e+00
1.936765319824218750e+03 4.514947509289364461e+03 2.694345228808961323e+00
1.936786193847656250e+03 4.516856772587679188e+03 2.696030407816162544e+00
1.936807006835937500e+03 4.515382768863540150e+03 2.700205290018862669e+00
1.936827819824218750e+03 4.517867026625889594e+03 2.696471476506751674e+00
1.936848693847656250e+03 4.513174783655445026e+03 2.700129707187865602e+00
1.936869506835937500e+03 4.515670579252619063e+03 2.695040216375870656e+00
1.936890319824218750e+03 4.515549035650613405e+03 2.701809425167118306e+00
1.936911193847656250e+03 4.512750464743311568e+03 2.690454943308182578e+00
1.936932006835937500e+03 4.517338930418581185e+03 2.696608522053157930e+00
1.936952819824218750e+03 4.512163092766054433e+03 2.693527205385596979e+00
1.936973693847656250e+03 4.516865836384497925e+03 2.701700176836804079e+00
1.936994506835937500e+03 4.513261808294661932e+03 2.692864674813859160e+00
1.937015319824218750e+03 4.512881671890721918e+03 2.691772701745552165e+00
1.937036193847656250e+03 4.517485128452195568e+03 2.700645676868953071e+00
1.937057006835937500e+03 4.515595554043898119e+03 2.693900094862438088e+00
1.937077819824218750e+03 4.514505459553066430e+03 2.688213342431413189e+00
1.937098693847656250e+03 4.512780643642223367e+03 2.694634659160699108e+00
1.937119567871093750e+03 4.514770746072484144e+03 2.691048873848795431e+00
1.937140380859375000e+03 4.510151731697571449e+03 2.689926382851380637e+00
1.937161193847656250e+03 4.516287924746687167e+03 2.701570273234280339e+00
1.937182067871093750e+03 4.514092289219945087e+03 2.691593158139407915e+00
1.937202880859375000e+03 4.514138926675582297e+03 2.698277266471440949e+00
1.937223693847656250e+03 4.512928000852082732e+03 2.697633490313145366e+00
1.937244567871093750e+03 4.513963255590240806e+03 2.687415099466325508e+00
1.937265380859375000e+03 4.515141814961750242e+03 2.698842796719781223e+00
1.937286193847656250e+03 4.515399168284610823e+03 2.689844572547434698e+00
1.937307067871093750e+03 4.514478963577061222e+03 2.689437877248897379e+00
1.937327880859375000e+03 4.512948803785722703e+03 2.687426543895294451e+00
1.937348693847656250e+03 4.516514101435445809e+03 2.689129091687313178e+00
1.937369567871093750e+03 4.514210450237844270e+03 2.685056951050256657e+00
1.937390380859375000e+03 4.513161961571069696e+03 2.686925161230212300e+00
1.937411193847656250e+03 4.511247148615122569e+03 2.688892624679926957e+00
1.937432067871093750e+03 4.515087535026287696e+03 2.696749185432048446e+00
1.937452880859375000e+03 4.517505957712251984e+03 2.688102477209251884e+00
1.937473693847656250e+03 4.512261194675614206e+03 2.697068413686736665e+00
1.937494567871093750e+03 4.516485955080142048e+03 2.689395413579467764e+00
1.937515380859375000e+03 4.514528090997870095e+03 2.686509593066836121e+00
1.937536193847656250e+03 4.516997819334407723e+03 2.693369643404102565e+00
1.937557067871093750e+03 4.516822073542148246e+03 2.687150267090093969e+00
1.937577880859375000e+03 4.515509116747631197e+03 2.695701593150693132e+00
1.937598693847656250e+03 4.511906292492749344e+03 2.688481794713170725e+00
1.937619567871093750e+03 4.513872490326481966e+03 2.686481726491446231e+00
1.937640380859375000e+03 4.511481891704958798e+03 2.685806006674171797e+00
1.937661193847656250e+03 4.515945694524876671e+03 2.685826512429759561e+00
1.937682067871093750e+03 4.513602350963538811e+03 2.686106919587038622e+00
1.937702880859375000e+03 4.514103852024053595e+03 2.687731710691605880e+00
1.937723693847656250e+03 4.514238276292440787e+03 2.711592713253969222e+00
1.937744567871093750e+03 4.512000783559446973e+03 2.685107918671446825e+00
1.937765380859375000e+03 4.513688161472321553e+03 2.686025170476007418e+00
1.937786193847656250e+03 4.514513341963525818e+03 2.693731579640153306e+00
1.937807067871093750e+03 4.512459962263434136e+03 2.689247361721876839e+00
1.937827880859375000e+03 4.514265693054734584e+03 2.685748305656028734e+00
1.937848693847656250e+03 4.513524771762309683e+03 2.693325559806306835e+00
1.937869567871093750e+03 4.513821578030300770e+03 2.686490334986673112e+00
1.937890380859375000e+03 4.511512569414813697e+03 2.683836013986227620e+00
1.937911193847656250e+03 4.516113791760025379e+03 2.685249806012639517e+00
1.937932067871093750e+03 4.513704085008002949e+03 2.687795401018614694e+00
1.937952880859375000e+03 4.514868828060253691e+03 2.687220802885973203e+00
1.937973693847656250e+03 4.514332259750833146e+03 2.689964761042310304e+00
1.937994567871093750e+03 4.513795720259044174e+03 2.684982984123087224e+00
1.938015380859375000e+03 4.514957868655991660e+03 2.687810214569145373e+00
1.938036193847656250e+03 4.514827761722503965e+03 2.687411550796281023e+00
1.938057067871093750e+03 4.514473030414522327e+03 2.691981548948950476e+00
1.938077880859375000e+03 4.514646943899647340e+03 2.687160293045660620e+00
1.938098693847656250e+03 4.516220847265925840e+03 2.690946542487447246e+00
1.938119567871093750e+03 4.513322026431261293e+03 2.687361514049801947e+00
1.938140380859375000e+03 4.516602553236349195e+03 2.697739633375705104e+00
1.938161193847656250e+03 4.520018315187470762e+03 2.691487304175670392e+00
1.938182067871093750e+03 4.517837880272552866e+03 2.688983419121082186e+00
1.938202880859375000e+03 4.515012508933569734e+03 2.689667736790601449e+00
1.938223693847656250e+03 4.511521336510299989e+03 2.689572089950104772e+00
1.938244567871093750e+03 4.517599574423645208e+03 2.688055025496851158e+00
1.938265380859375000e+03 4.517817901474831160e+03 2.686007772949969841e+00
1.938286193847656250e+03 4.520539744085144775e+03 2.689893942660195325e+00
1.938307067871093750e+03 4.518681910229296591e+03 2.688104428476690622e+00
1.938327880859375000e+03 4.515092148356337930e+03 2.684534787983397841e+00
1.938348693847656250e+03 4.518003115555906334e+03 2.687948233906375162e+00
1.938369567871093750e+03 4.516170611310369168e+03 2.692914697842235139e+00
1.938390380859375000e+03 4.514145098929679079e+03 2.703537661414805005e+00
1.938411193847656250e+03 4.517107043337915457e+03 2.686134346255833361e+00
1.938432067871093750e+03 4.517922244630740352e+03 2.689899703924905072e+00
1.938452880859375000e+03 4.514845802264378108e+03 2.693235354372459422e+00
1.938473693847656250e+03 4.521194238002586644e+03 2.695665861545764930e+00
1.938494567871093750e+03 4.514955444475413969e+03 2.686096179617778912e+00
1.938515380859375000e+03 4.518997761140461080e+03 2.690200336186121088e+00
1.938536193847656250e+03 4.518841148269754740e+03 2.689147710253614321e+00
1.938557067871093750e+03 4.515441377302066030e+03 2.691343265233845816e+00
1.938577880859375000e+03 4.518365989775035814e+03 2.686233044442565721e+00
1.938598693847656250e+03 4.519635323446680559e+03 2.699877513650313698e+00
1.938619567871093750e+03 4.517859979494699473e+03 2.688883580534488171e+00
1.938640380859375000e+03 4.515611033598149334e+03 2.694680490892760183e+00
1.938661193847656250e+03 4.519171020353989661e+03 2.694394074020528773e+00
1.938682067871093750e+03 4.516092685494385478e+03 2.686600645530416998e+00
1.938702880859375000e+03 4.515525042255786502e+03 2.685022143338353207e+00
1.938723693847656250e+03 4.520624660403798771e+03 2.686955951359437211e+00
1.938744567871093750e+03 4.518469298983965928e+03 2.685543057525695776e+00
1.938765380859375000e+03 4.515878989644390458e+03 2.696925380054983279e+00
1.938786193847656250e+03 4.520897266697335908e+03 2.689801672108618646e+00
1.938807067871093750e+03 4.515924366019777153e+03 2.686056858537462677e+00
1.938827880859375000e+03 4.520230258162862810e+03 2.697696681731880375e+00
1.938848693847656250e+03 4.517863587890401504e+03 2.693904166003150635e+00
1.938869567871093750e+03 4.516595683622073011e+03 2.688318970561657473e+00
1.938890380859375000e+03 4.518029226125237983e+03 2.687193121133979012e+00
1.938911193847656250e+03 4.517299156939565364e+03 2.692069759439966958e+00
1.938932067871093750e+03 4.517491226724783701e+03 2.694769143884233831e+00
1.938952880859375000e+03 4.519145912808652611e+03 2.691781736183802565e+00
1.938973693847656250e+03 4.514442199811494902e+03 2.685721851544028205e+00
1.938994567871093750e+03 4.515377848957454262e+03 2.694130635640553439e+00
1.939015380859375000e+03 4.519220781298207839e+03 2.688357371699527487e+00
1.939036193847656250e+03 4.519952716404485727e+03 2.688345931233140806e+00
1.939057067871093750e+03 4.515758961265857579e+03 2.686235174579279406e+00
1.939077880859375000e+03 4.515342562118685237e+03 2.686230204257653131e+00
1.939098693847656250e+03 4.518753965033559325e+03 2.687053465895824722e+00
1.939119567871093750e+03 4.519385573855708572e+03 2.697460170306847260e+00
1.939140380859375000e+03 4.520235015329882117e+03 2.691840636435019363e+00
1.939161193847656250e+03 4.518069388153097862e+03 2.690839068218730645e+00
1.939182067871093750e+03 4.518231474210715533e+03 2.684134482998391746e+00
1.939202880859375000e+03 4.518900772511310606e+03 2.689182553224200412e+00
1.939223693847656250e+03 4.518810949486885875e+03 2.691094412268396852e+00
1.939244567871093750e+03 4.516629150491559813e+03 2.685621980483870352e+00
1.939265380859375000e+03 4.519554422753591098e+03 2.688077908857124942e+00
1.939286193847656250e+03 4.518489362638513740e+03 2.684576973294528823e+00
1.939307067871093750e+03 4.519440765837349318e+03 2.690055873815272225e+00
1.939327880859375000e+03 4.517002298685247297e+03 2.690634031203085197e+00
1.939348693847656250e+03 4.519343787193648495e+03 2.688041188951947102e+00
1.939369567871093750e+03 4.517399609225883978e+03 2.689086445818716697e+00
1.939390441894531250e+03 4.519848293982019641e+03 2.686475247914990927e+00
1.939411254882812500e+03 4.515402789409336037e+03 2.685257175425670439e+00
1.939432067871093750e+03 4.519799820764731521e+03 2.686716542155697329e+00
1.939452941894531250e+03 4.520389903156601576e+03 2.687975198296385759e+00
1.939473754882812500e+03 4.521686536457712464e+03 2.693325028674223631e+00
1.939494567871093750e+03 4.522822896922871223e+03 2.687452803796158918e+00
1.939515441894531250e+03 4.518392612619983083e+03 2.687622067540317072e+00
1.939536254882812500e+03 4.519605799635420226e+03 2.687912221832061466e+00
1.939557067871093750e+03 4.520216324213753069e+03 2.690313596349708458e+00
1.939577941894531250e+03 4.518754209316118249e+03 2.686374694855441891e+00
1.939598754882812500e+03 4.522730104527292497e+03 2.687712638781946328e+00
1.939619567871093750e+03 4.518088879682726656e+03 2.687119035555119329e+00
1.939640441894531250e+03 4.517886455826765996e+03 2.695607664006981263e+00
1.939661254882812500e+03 4.519302465472369477e+03 2.697530966820504528e+00
1.939682067871093750e+03 4.519603562176353080e+03 2.688579785976969116e+00
1.939702941894531250e+03 4.518638544022044698e+03 2.686480040288119486e+00
1.939723754882812500e+03 4.518983141076543689e+03 2.691718848778668516e+00
1.939744567871093750e+03 4.518937817977588566e+03 2.689456227729464910e+00
1.939765441894531250e+03 4.517146980190861541e+03 2.687936791698605443e+00
1.939786254882812500e+03 4.518760655985404810e+03 2.688488711860715696e+00
1.939807067871093750e+03 4.518754401019467878e+03 2.687241120400691408e+00
1.939827941894531250e+03 4.517480110105759195e+03 2.686195589262705408e+00
1.939848754882812500e+03 4.519125236634391513e+03 2.695331341221510524e+00
1.939869567871093750e+03 4.517211855646424738e+03 2.691602724652350620e+00
1.939890441894531250e+03 4.517636983078611593e+03 2.686024460375109335e+00
1.939911254882812500e+03 4.521517454253382311e+03 2.695684169630229388e+00
1.939932067871093750e+03 4.517999592476321595e+03 2.698158066798566068e+00
1.939952941894531250e+03 4.519072689312739385e+03 2.698569279000347265e+00
1.939973754882812500e+03 4.520922008881128932e+03 2.687626148190809250e+00
1.939994567871093750e+03 4.518399888586895031e+03 2.688064781992108188e+00
1.940015441894531250e+03 4.516053605926367709e+03 2.688135648563086288e+00
1.940036254882812500e+03 4.520086786409448905e+03 2.694806302953333343e+00
1.940057067871093750e+03 4.517613072037726852e+03 2.690044617832379803e+00
1.940077941894531250e+03 4.517853566191301979e+03 2.692942851987587982e+00
1.940098754882812500e+03 4.517041183702495800e+03 2.687083456006202464e+00
1.940119567871093750e+03 4.522286465565593971e+03 2.697975413346861639e+00
1.940140441894531250e+03 4.519700449869502336e+03 2.693021292487902674e+00
1.940161254882812500e+03 4.519192998230632838e+03 2.691238375938532101e+00
1.940182067871093750e+03 4.520628940837909795e+03 2.704945122378971334e+00
1.940202941894531250e+03 4.521326495039869769e+03 2.689242130998200420e+00
1.940223754882812500e+03 4.519727127122750062e+03 2.684698552093473634e+00
1.940244567871093750e+03 4.522145777678973900e+03 2.685082701363065816e+00
1.940265441894531250e+03 4.519679975554129669e+03 2.685895485185998410e+00
1.940286254882812500e+03 4.512106801424561127e+03 2.686104789348616073e+00
1.940307067871093750e+03 4.517464341890591641e+03 2.694823997568051244e+00
1.940327941894531250e+03 4.514846122787709646e+03 2.689552765152244618e+00
1.940348754882812500e+03 4.514944462985086830e+03 2.689659847606235221e+00
1.940369567871093750e+03 4.517941429689087272e+03 2.695313915307599562e+00
1.940390441894531250e+03 4.518139088244050981e+03 2.689187074797976695e+00
1.940411254882812500e+03 4.520694885226924271e+03 2.686126712971606878e+00
1.940432067871093750e+03 4.522874011093947956e+03 2.691638244463099738e+00
1.940452941894531250e+03 4.521583572843303955e+03 2.686678383788249302e+00
1.940473754882812500e+03 4.520746924781753478e+03 2.686557782035785991e+00
1.940494567871093750e+03 4.521831708267599424e+03 2.689208530005210207e+00
1.940515441894531250e+03 4.521863783580275594e+03 2.686563017985875490e+00
1.940536254882812500e+03 4.521189017204274023e+03 2.688549723878532749e+00
1.940557067871093750e+03 4.524339007331111134e+03 2.701521381266026367e+00
1.940577941894531250e+03 4.523318475722282528e+03 2.685239062615240702e+00
1.940598754882812500e+03 4.518782704018130971e+03 2.686683442021604584e+00
1.940619567871093750e+03 4.520979704510878037e+03 2.689887295031735182e+00
1.940640441894531250e+03 4.524831219817375313e+03 2.691825136493863013e+00
1.940661254882812500e+03 4.524134095762733523e+03 2.684759650243879303e+00
1.940682067871093750e+03 4.524317284383266269e+03 2.692074276164428071e+00
1.940702941894531250e+03 4.524833182452003712e+03 2.686737750874446107e+00
1.940723754882812500e+03 4.521882159069155023e+03 2.700663598068830495e+00
1.940744567871093750e+03 4.520610168117491412e+03 2.701654464188947724e+00
1.940765441894531250e+03 4.525746603124902322e+03 2.693268019888314768e+00
1.940786254882812500e+03 4.525979017129380736e+03 2.689293639884766662e+00
1.940807067871093750e+03 4.525054191181541682e+03 2.689503211481007128e+00
1.940827941894531250e+03 4.521529399772854049e+03 2.686566124053140214e+00
1.940848754882812500e+03 4.521737591480785341e+03 2.707336936964567453e+00
1.941869567871093750e+03 4.515579607047318859e+03 3.273375444575134630e+00
1.941890441894531250e+03 4.514086796152920215e+03 3.341191105921153426e+00
1.941911254882812500e+03 4.517236012614646825e+03 3.401455225586890396e+00
1.941932067871093750e+03 4.526691314921510639e+03 3.453345244275421333e+00
1.941952941894531250e+03 4.523254412502081323e+03 3.505381125980298496e+00
1.941973754882812500e+03 4.518005909624496780e+03 3.553746495038859088e+00
1.941994567871093750e+03 4.518373412967108379e+03 3.607139126075638913e+00
1.942015441894531250e+03 4.520270357810868518e+03 3.662421991865025817e+00
1.942036254882812500e+03 4.525076937846615692e+03 3.715696347307991587e+00
1.942057067871093750e+03 4.523447941497517604e+03 3.753006429331817273e+00
1.942077941894531250e+03 4.514505812664669065e+03 3.793586971293085863e+00
1.942098754882812500e+03 4.516847319531238099e+03 3.836886597358114326e+00
1.942119567871093750e+03 4.514660500476615198e+03 3.873839173720000417e+00
1.942140441894531250e+03 4.516156760275838678e+03 3.911442471745920191e+00
1.942161254882812500e+03 4.516403807726801460e+03 3.949755412387960352e+00
1.942182067871093750e+03 4.515196235695544601e+03 3.984865405251930781e+00
1.942202941894531250e+03 4.504334570896862715e+03 4.018503070560054624e+00
1.942223754882812500e+03 4.512605436374855344e+03 4.052772496055651708e+00
1.942244567871093750e+03 4.507066484531227616e+03 4.076064952403950947e+00
1.942265441894531250e+03 4.506847342463548557e+03 4.094575289172987631e+00
1.942286254882812500e+03 4.501701414635997935e+03 4.103268107048965163e+00
1.942307067871093750e+03 4.496098742037429474e+03 4.106695541759222579e+00
1.942327941894531250e+03 4.504689904750619462e+03 4.110852342199865284e+00
1.942348754882812500e+03 4.501596458479412831e+03 4.106573622215100805e+00
1.942369567871093750e+03 4.503977370266602520e+03 4.111870881632446739e+00
1.942390441894531250e+03 4.508912635363074514e+03 4.121799961705614912e+00
1.942411254882812500e+03 4.516246196194857475e+03 4.138404797968727955e+00
1.942432067871093750e+03 4.511180830660661741e+03 4.166417127130467080e+00
1.942452941894531250e+03 4.507973876447060320e+03 4.187943392381048291e+00
1.942473754882812500e+03 4.511044424701722164e+03 4.207383051678879937e+00
1.942494567871093750e+03 4.518790455647475028e+03 4.216091194136506459e+00
1.942515441894531250e+03 4.520837840291398606e+03 4.217002902490613714e+00
1.942536254882812500e+03 4.548205282338112738e+03 4.213739881658952413e+00
1.942557067871093750e+03 4.539838939364144608e+03 4.198660482512501346e+00
1.942577941894531250e+03 4.530692408550035907e+03 4.189113704563381724e+00
1.942598754882812500e+03 4.550399127075474098e+03 4.182807912670836181e+00
1.942619567871093750e+03 4.536461800922210386e+03 4.176500820470834263e+00
1.942640441894531250e+03 4.538034684538353758e+03 4.169609454777640778e+00
1.942661254882812500e+03 4.537004048841728945e+03 4.164807222628696515e+00
1.942682067871093750e+03 4.527247025254553591e+03 4.161291979288361809e+00
1.942702941894531250e+03 4.520124295277983038e+03 4.142979596587960778e+00
1.942723754882812500e+03 4.529461056629810628e+03 4.124997225673783241e+00
1.942744567871093750e+03 4.520363698353707150e+03 4.117977059387960104e+00
1.942765441894531250e+03 4.521509228648974386e+03 4.111192192675646062e+00
1.942786254882812500e+03 4.529148600583193911e+03 4.106885496807370473e+00
1.942807067871093750e+03 4.526044840556154668e+03 4.106226421967838824e+00
1.942827941894531250e+03 4.535669009429399011e+03 4.111237890562628117e+00
1.942848754882812500e+03 4.546185284860290267e+03 4.116098451717767226e+00
1.942869567871093750e+03 4.529777827488465846e+03 4.118666207788239220e+00
1.942890441894531250e+03 4.537643592016640469e+03 4.118904696672229804e+00
1.942911254882812500e+03 4.527064604203624185e+03 4.102361575806943605e+00
1.942932067871093750e+03 4.515035781859434792e+03 4.088170099888824183e+00
1.942952941894531250e+03 4.523333928074593132e+03 4.075861861938225417e+00
1.942973754882812500e+03 4.519154522321026889e+03 4.053077686889546172e+00
1.942994567871093750e+03 4.527323697496116438e+03 4.031043468773756189e+00
1.943015441894531250e+03 4.519647005082837495e+03 4.007984536923486552e+00
1.943036254882812500e+03 4.518619928258036452e+03 3.977896895540136146e+00
1.943057067871093750e+03 4.511949042637777893e+03 3.949005634356971495e+00
1.943077941894531250e+03 4.525249807734580827e+03 3.918795406194091058e+00
1.943098754882812500e+03 4.519852303871139156e+03 3.890657233292366790e+00
1.943119567871093750e+03 4.516398799278787919e+03 3.863073885359947557e+00
1.943140441894531250e+03 4.511722763076819319e+03 3.832635829880003175e+00
1.943161254882812500e+03 4.510169473606030806e+03 3.806480157718029389e+00
1.943182067871093750e+03 4.508133973465000963e+03 3.778989257910290167e+00
1.943202941894531250e+03 4.508235604788726050e+03 3.759717684353446110e+00
1.943223754882812500e+03 4.521195097192075991e+03 3.743033231921479409e+00
1.943244567871093750e+03 4.514941266629277379e+03 3.728414718997002275e+00
1.943265441894531250e+03 4.510812244523740446e+03 3.712128458151648491e+00
1.943286254882812500e+03 4.509975550698032748e+03 3.689413964067246532e+00
1.943307067871093750e+03 4.510223367566382876e+03 3.666754735987161506e+00
1.943327941894531250e+03 4.503747724375431062e+03 3.639374219320122616e+00
1.943348754882812500e+03 4.517483723958928749e+03 3.606718596850222003e+00
1.943369567871093750e+03 4.511156533752859104e+03 3.570074495024496475e+00
1.943390441894531250e+03 4.508177771670476432e+03 3.542012246419283361e+00
1.943411254882812500e+03 4.513773559074223158e+03 3.518966375443429051e+00
1.943432067871093750e+03 4.519863004315460785e+03 3.501172278132995697e+00
1.943452941894531250e+03 4.533664820742995289e+03 3.494111830207303093e+00
1.943473754882812500e+03 4.515246787270571076e+03 3.469559721045013312e+00
1.943494567871093750e+03 4.515082500190042992e+03 3.455237385479418499e+00
1.943515441894531250e+03 4.513989506822370458e+03 3.446916064297052440e+00
1.943536254882812500e+03 4.507378017573522811e+03 3.438007386648465946e+00
1.943557067871093750e+03 4.523311494249242969e+03 3.433267102636623491e+00
1.943577941894531250e+03 4.515632783302675307e+03 3.429047057675774113e+00
1.943598754882812500e+03 4.513079707845217854e+03 3.417197178537819902e+00
1.943619567871093750e+03 4.512342181983933187e+03 3.404582744245548742e+00
1.943640441894531250e+03 4.504648328524319368e+03 3.398296625133329751e+00
1.943661254882812500e+03 4.504300147517129517e+03 3.388542696114888120e+00
1.943682067871093750e+03 4.513563121886112640e+03 3.380286280003193866e+00
1.943702941894531250e+03 4.507997794270193481e+03 3.378266625695359515e+00
1.943723754882812500e+03 4.511861908111683078e+03 3.356458666688592718e+00
1.943744567871093750e+03 4.512512868427778812e+03 3.343179671945360809e+00
1.943765441894531250e+03 4.511263010308750381e+03 3.324970451739962307e+00
1.943786254882812500e+03 4.521845921568221456e+03 3.305023969831702768e+00
1.943807067871093750e+03 4.507285615433587736e+03 3.302834715128285303e+00
1.943827941894531250e+03 4.516258810535940938e+03 3.287852302501060198e+00
1.943848754882812500e+03 4.510225773524436590e+03 3.281539468258500403e+00
1.943869567871093750e+03 4.516616364461089688e+03 3.275388441272751638e+00
1.943890441894531250e+03 4.524233645501444698e+03 3.282191550179591744e+00
1.943911254882812500e+03 4.511754351138624770e+03 3.279290622434852143e+00
1.943932067871093750e+03 4.518415263939239594e+03 3.270002579527604425e+00
1.943952941894531250e+03 4.515388921865733209e+03 3.265320248050206153e+00
1.943973754882812500e+03 4.512478603780065896e+03 3.262793814922838376e+00
1.943994567871093750e+03 4.520031113600456592e+03 3.253650375875167367e+00
1.944015441894531250e+03 4.509454561640144675e+03 3.246912002719778201e+00
1.944036254882812500e+03 4.514567200216464698e+03 3.237776584667206414e+00
1.944057067871093750e+03 4.513938072825345444e+03 3.222329084955552592e+00
1.944077941894531250e+03 4.502803114190190172e+03 3.211681419012702321e+00
1.944098754882812500e+03 4.510630458505213028e+03 3.196024248835654280e+00
1.944119567871093750e+03 4.513140531275096691e+03 3.178558824125376159e+00
1.944140441894531250e+03 4.520366904237252129e+03 3.175563527957325327e+00
1.944161254882812500e+03 4.524322859954344494e+03 3.157395409960765065e+00
1.944182128906250000e+03 4.527256814314856456e+03 3.139978902223499180e+00
1.944202941894531250e+03 4.516479082410835872e+03 3.130721538362848833e+00
1.944223815917968750e+03 4.513807150744251885e+03 3.122460668726922961e+00
1.944244628906250000e+03 4.512786626253812756e+03 3.121508669815354242e+00
1.944265441894531250e+03 4.519942241578599351e+03 3.114370808744969299e+00
1.944286315917968750e+03 4.518324586777513105e+03 3.112631314736303612e+00
1.944307128906250000e+03 4.513327711929420730e+03 3.101099243928016946e+00
1.944327941894531250e+03 4.513496078480799952e+03 3.108196092563836554e+00
1.944348815917968750e+03 4.514777821225993648e+03 3.081230339931574136e+00
1.944369628906250000e+03 4.514004774693963554e+03 3.071682767392904800e+00
1.944390441894531250e+03 4.518020926427880113e+03 3.058976930120393956e+00
1.944411315917968750e+03 4.513619329802661923e+03 3.044647028216608042e+00
1.944432128906250000e+03 4.516665508836710615e+03 3.034310752117765464e+00
1.944452941894531250e+03 4.521729740980515999e+03 3.025512771652617783e+00
1.944473815917968750e+03 4.515045105958204658e+03 3.022244634576358280e+00
1.944494628906250000e+03 4.521864425836814007e+03 3.038334541118282051e+00
1.944515441894531250e+03 4.520678318869838222e+03 3.014811035358345048e+00
1.944536315917968750e+03 4.519700733332019809e+03 3.012506958253034384e+00
1.944557128906250000e+03 4.519609152979755891e+03 3.010624193124502579e+00
1.944577941894531250e+03 4.517923126429397598e+03 3.008951026150308738e+00
1.944598815917968750e+03 4.526929514528373147e+03 3.009280631704049025e+00
1.944619628906250000e+03 4.515826383647367038e+03 3.001144826524603015e+00
1.946327941894531250e+03 4.523528113934092289e+03 2.814100022306754489e+00
1.946348815917968750e+03 4.521917715570077235e+03 2.803222443620985604e+00
1.946369628906250000e+03 4.532028699023217996e+03 2.799103770554954185e+00
1.946390441894531250e+03 4.527376709697375190e+03 2.795802843256404380e+00
1.946411315917968750e+03 4.522378307996767035e+03 2.799525534075798294e+00
1.946432128906250000e+03 4.530511140786877149e+03 2.786813037198024201e+00
1.946452941894531250e+03 4.528310640776790024e+03 2.787052402568980458e+00
1.946473815917968750e+03 4.527803569438025079e+03 2.786801829809423481e+00
1.946494628906250000e+03 4.525532636753016050e+03 2.790880225322897701e+00
1.946515441894531250e+03 4.527597320158956791e+03 2.786213421382537803e+00
1.946536315917968750e+03 4.520042729250314551e+03 2.784649603560889197e+00
1.946557128906250000e+03 4.524762540839464236e+03 2.788030866356284054e+00
1.946577941894531250e+03 4.526240528455246022e+03 2.782765179359737218e+00
1.946598815917968750e+03 4.524902401682397795e+03 2.787919780102516842e+00
1.946619628906250000e+03 4.525393795160860464e+03 2.783771957358826654e+00
1.946640441894531250e+03 4.529049556511585251e+03 2.784516805512124105e+00
1.946661315917968750e+03 4.536522158778549056e+03 2.787042650414501832e+00
1.946682128906250000e+03 4.545622982952825623e+03 2.784076240515063194e+00
1.946702941894531250e+03 4.530235552029835162e+03 2.781081891069150824e+00
1.946723815917968750e+03 4.526179380871824833e+03 2.781108638299863767e+00
1.946744628906250000e+03 4.529608019866342147e+03 2.785018168446640630e+00
1.946765441894531250e+03 4.527718013969725689e+03 2.781328693090989290e+00
1.946786315917968750e+03 4.522284035717316328e+03 2.780339209767111797e+00
1.946807128906250000e+03 4.523549839846163195e+03 2.781961671451380624e+00
1.946827941894531250e+03 4.521678914624588288e+03 2.781074775576635183e+00
1.946848815917968750e+03 4.526251958771657883e+03 2.779238026707003595e+00
1.946869628906250000e+03 4.526873020398330482e+03 2.777261252593106189e+00
1.946890441894531250e+03 4.523093616449907131e+03 2.784451474425031936e+00
1.946911315917968750e+03 4.523336041036477582e+03 2.780361676599621301e+00
1.946932128906250000e+03 4.521725951457569863e+03 2.786681454480859355e+00
1.946952941894531250e+03 4.523622459788267406e+03 2.772984771312520635e+00
1.946973815917968750e+03 4.525380728760907004e+03 2.774531103160897239e+00
1.946994628906250000e+03 4.525848803058817793e+03 2.772668350378199253e+00
1.947015441894531250e+03 4.525061150282252129e+03 2.775988799564511389e+00
1.947036315917968750e+03 4.522413633760060293e+03 2.782537012530962972e+00
1.947057128906250000e+03 4.521811513741215094e+03 2.771957905420832535e+00
1.947077941894531250e+03 4.525869653768183525e+03 2.768591631284594623e+00
1.947098815917968750e+03 4.526099539896198621e+03 2.776080867831701049e+00
1.947119628906250000e+03 4.522830741162157210e+03 2.768928063998086664e+00
1.947140441894531250e+03 4.523605974739002704e+03 2.760793916847117391e+00
1.947161315917968750e+03 4.526404446207850924e+03 2.766732204381059379e+00
1.947182128906250000e+03 4.524879760764775710e+03 2.769652801127597375e+00
1.947202941894531250e+03 4.526132872738985498e+03 2.761047627055869924e+00
1.947223815917968750e+03 4.524203692222891732e+03 2.756525274184736585e+00
1.947244628906250000e+03 4.525626540070611554e+03 2.759115457047088160e+00
1.947265441894531250e+03 4.523930298361547102e+03 2.761968145480973913e+00
1.947286315917968750e+03 4.526996810162341717e+03 2.759612795302772259e+00
1.947307128906250000e+03 4.524467488083016178e+03 2.762954457043321543e+00
1.947327941894531250e+03 4.526290140276290913e+03 2.759718455176770835e+00
1.947348815917968750e+03 4.523858404071473160e+03 2.756960642713934817e+00
1.947369628906250000e+03 4.524288975233097517e+03 2.753787553542423439e+00
1.947390441894531250e+03 4.522656792614547157e+03 2.751707760530764268e+00
1.947411315917968750e+03 4.526008447340978819e+03 2.748887270439793529e+00
1.947432128906250000e+03 4.524440023897549509e+03 2.750119900257040673e+00
1.947452941894531250e+03 4.526354427455104087e+03 2.748721605876769836e+00
1.947473815917968750e+03 4.522794049596380319e+03 2.751718071130663912e+00
1.947494628906250000e+03 4.524776702363446930e+03 2.749433285667063576e+00
1.947515441894531250e+03 4.526377869833083423e+03 2.762284756383364126e+00
1.947536315917968750e+03 4.522496672599347221e+03 2.751514451291376062e+00
1.947557128906250000e+03 4.526452439656096431e+03 2.752744172480613205e+00
1.947577941894531250e+03 4.525091778581783728e+03 2.754182063149619886e+00
1.947598815917968750e+03 4.524122515416900569e+03 2.755182238469044087e+00
1.947619628906250000e+03 4.521037564911243862e+03 2.756440596791695175e+00
1.947640441894531250e+03 4.520907522393548788e+03 2.755781684932121944e+00
1.947661315917968750e+03 4.523187390257664447e+03 2.759606574807972112e+00
1.947682128906250000e+03 4.521867316913909235e+03 2.750828011442219445e+00
1.947702941894531250e+03 4.521681188362939793e+03 2.756517143883993270e+00
1.947723815917968750e+03 4.523972058445912808e+03 2.746542664648436105e+00
1.947744628906250000e+03 4.523996718302693807e+03 2.748852056713803282e+00
1.947765441894531250e+03 4.524043168124902877e+03 2.751891179467158999e+00
1.947786315917968750e+03 4.525058621487421988e+03 2.751847773444761280e+00
1.947807128906250000e+03 4.523140017784695374e+03 2.758406188863197439e+00
1.947827941894531250e+03 4.521456334913501451e+03 2.758276708507650721e+00
1.947848815917968750e+03 4.521864130574249430e+03 2.757450328528246786e+00
1.947869628906250000e+03 4.521731317971274621e+03 2.754805094891441541e+00
1.947890441894531250e+03 4.520310577639053918e+03 2.760104688372813975e+00
1.947911315917968750e+03 4.520975671569784936e+03 2.747655649540336587e+00
1.947932128906250000e+03 4.516702568145455189e+03 2.756677669640031247e+00
1.947952941894531250e+03 4.521242037838310353e+03 2.752974029108129272e+00
1.947973815917968750e+03 4.522771519395684663e+03 2.744223596805019039e+00
1.947994628906250000e+03 4.521758095010573925e+03 2.749675037951040402e+00
1.948015441894531250e+03 4.521175510416651377e+03 2.747405301962109636e+00
1.948036315917968750e+03 4.521901690572538428e+03 2.754139905175307490e+00
1.948057128906250000e+03 4.527337333789024342e+03 2.753302844881678535e+00
1.948077941894531250e+03 4.518232832882149523e+03 2.751792150355350408e+00
1.948098815917968750e+03 4.523906024448664539e+03 2.745298875613158440e+00
1.948119628906250000e+03 4.520507302712338969e+03 2.745390149376977451e+00
1.948140441894531250e+03 4.520684564369100372e+03 2.742202976107058543e+00
1.948161315917968750e+03 4.518288025526640013e+03 2.745839352714489756e+00
1.948182128906250000e+03 4.522956279605112286e+03 2.737660205629847354e+00
1.948202941894531250e+03 4.520123035858895491e+03 2.736317407885195951e+00
1.948223815917968750e+03 4.523500042594076149e+03 2.739224650952347240e+00
1.948244628906250000e+03 4.520479306485797679e+03 2.737288748197661548e+00
1.948265441894531250e+03 4.524631846829441201e+03 2.740704083579396322e+00
1.948286315917968750e+03 4.523163123751528474e+03 2.739972385490096585e+00
1.948307128906250000e+03 4.519563502882481771e+03 2.738101273089721843e+00
1.948327941894531250e+03 4.522868981135872673e+03 2.741560470317670806e+00
1.948348815917968750e+03 4.520553976344778675e+03 2.736317843541087758e+00
1.948369628906250000e+03 4.521133204215852857e+03 2.732825052484438189e+00
1.948390441894531250e+03 4.528337310851367874e+03 2.736261381959485206e+00
1.948411315917968750e+03 4.521927108444877376e+03 2.738856104262722635e+00
1.948432128906250000e+03 4.519931026363648016e+03 2.737272460399391427e+00
1.948452941894531250e+03 4.522687830184073391e+03 2.732034695333785290e+00
1.948473815917968750e+03 4.524246971334673617e+03 2.740856923780543131e+00
1.948494628906250000e+03 4.521294567887333869e+03 2.730192899072114709e+00
1.948515441894531250e+03 4.528489259411398962e+03 2.734381452280333580e+00
1.948536315917968750e+03 4.523187748233664934e+03 2.730920320424744308e+00
1.948557128906250000e+03 4.526073777909727141e+03 2.733160741133118687e+00
1.948577941894531250e+03 4.520557677204127685e+03 2.729960949656901281e+00
1.948598815917968750e+03 4.520901375807583463e+03 2.729520051708175465e+00
1.948619628906250000e+03 4.524134989668216804e+03 2.729149320901585796e+00
1.948640441894531250e+03 4.520592206908254411e+03 2.728116966838741941e+00
1.948661315917968750e+03 4.524860516909845501e+03 2.728445807227942055e+00
1.948682128906250000e+03 4.523112395197586920e+03 2.726700568870563224e+00
1.948702941894531250e+03 4.520349174553936791e+03 2.741417409896421464e+00
1.948723815917968750e+03 4.521582851202247184e+03 2.728349247790671228e+00
1.948744628906250000e+03 4.518885061929858239e+03 2.726940839253722437e+00
1.948765441894531250e+03 4.523955298162385589e+03 2.744158957206336957e+00
1.948786315917968750e+03 4.520745608448906751e+03 2.728233546733574766e+00
1.948807128906250000e+03 4.525741743349800345e+03 2.727839479657137467e+00
1.948827941894531250e+03 4.521657676867796908e+03 2.730534761474053163e+00
1.948848815917968750e+03 4.520563251918081733e+03 2.733387272775519516e+00
1.948869628906250000e+03 4.521000184125478881e+03 2.738970050894544705e+00
1.948890441894531250e+03 4.518762813291538805e+03 2.728824147480880757e+00
1.948911315917968750e+03 4.523252995601574185e+03 2.734950762485089726e+00
1.948932128906250000e+03 4.521198281469327412e+03 2.733937517318619115e+00
1.948952941894531250e+03 4.522457029523553501e+03 2.728830350775399260e+00
1.948973815917968750e+03 4.527416166666311256e+03 2.732979554642469111e+00
1.948994628906250000e+03 4.524434615708833917e+03 2.736948948967695028e+00
1.949015441894531250e+03 4.522609266396731982e+03 2.722336519095216900e+00
1.949036315917968750e+03 4.521142030922071172e+03 2.725121059703414783e+00
1.949057128906250000e+03 4.521903809591514801e+03 2.724471550193490188e+00
1.949077941894531250e+03 4.521518997131701326e+03 2.725493213220326005e+00
1.949098815917968750e+03 4.521065676397141942e+03 2.733897227372529493e+00
1.949119628906250000e+03 4.519292756000450026e+03 2.723687872701123336e+00
1.949140441894531250e+03 4.519029108303713656e+03 2.726245413544166940e+00
1.949161315917968750e+03 4.515809727782114351e+03 2.726902456868844915e+00
1.949182128906250000e+03 4.518540906285717028e+03 2.722637860579485647e+00
1.949202941894531250e+03 4.523810380397301742e+03 2.727187120654622987e+00
1.949223815917968750e+03 4.518276471813314856e+03 2.718171332151484432e+00
1.949244628906250000e+03 4.521384380284756844e+03 2.716912536572400949e+00
1.949265441894531250e+03 4.520472248497199871e+03 2.720137581851859387e+00
1.949286315917968750e+03 4.522115525700073704e+03 2.716326455498638381e+00
1.949307128906250000e+03 4.524254799516930689e+03 2.720985370572825968e+00
1.949327941894531250e+03 4.523155575310936911e+03 2.717442516010196041e+00
1.949348815917968750e+03 4.520721256167307729e+03 2.717326438295465607e+00
1.949369628906250000e+03 4.522996539807456429e+03 2.722854147331729813e+00
1.949390441894531250e+03 4.521430231654743693e+03 2.726199150468269661e+00
1.949411315917968750e+03 4.523234588074612475e+03 2.716342956665733332e+00
1.949432128906250000e+03 4.523635639246493156e+03 2.716770898734550688e+00
1.949452941894531250e+03 4.521431542051077486e+03 2.722152247362113364e+00
1.949473815917968750e+03 4.520429269154530630e+03 2.717591312843072870e+00
1.949494628906250000e+03 4.522196328999346406e+03 2.726466136202302160e+00
1.949515441894531250e+03 4.524336666297279407e+03 2.720068425552022440e+00
1.949536315917968750e+03 4.522258956359946751e+03 2.729897719063678174e+00
1.949557128906250000e+03 4.522939952062985867e+03 2.712675125867632708e+00
1.949577941894531250e+03 4.523806615308712026e+03 2.712014196111157460e+00
1.949598815917968750e+03 4.524264263760474932e+03 2.717611578762439972e+00
1.949619628906250000e+03 4.519521469757195518e+03 2.709850346138697130e+00
1.949640441894531250e+03 4.524684635910411089e+03 2.711370691872942551e+00
1.949661315917968750e+03 4.522402893681285605e+03 2.711055786014746172e+00
1.949682128906250000e+03 4.520832297466371529e+03 2.710870483625453353e+00
1.949702941894531250e+03 4.520216277764258848e+03 2.711526592351447551e+00
1.949723815917968750e+03 4.521749972544923367e+03 2.717029333967862392e+00
1.949744628906250000e+03 4.524627117140154041e+03 2.713581829298559622e+00
1.949765441894531250e+03 4.521173782239221509e+03 2.713489309868702737e+00
1.949786315917968750e+03 4.521500813823680801e+03 2.713661430386010487e+00
1.949807128906250000e+03 4.526215443536691055e+03 2.714362627388136051e+00
1.949827941894531250e+03 4.530271975929535984e+03 2.712490109895879353e+00
1.949848815917968750e+03 4.525531889047495497e+03 2.716812407986014755e+00
1.949869628906250000e+03 4.523760997032360137e+03 2.710460873789907410e+00
1.949911315917968750e+03 4.523944851834191468e+03 2.716485055653107938e+00
1.949932128906250000e+03 4.523782008785273320e+03 2.721679424700606198e+00
1.949952941894531250e+03 4.522892490369810730e+03 2.714390998246849040e+00
1.949973815917968750e+03 4.521566073537799639e+03 2.722541795730286207e+00
1.949994628906250000e+03 4.524548324484896511e+03 2.716697005432098244e+00
1.950015441894531250e+03 4.521722532772746490e+03 2.712742361324975260e+00
1.950036315917968750e+03 4.522869863141112546e+03 2.725556371043952986e+00
1.950057128906250000e+03 4.518915790891953293e+03 2.715023775786941318e+00
1.950077941894531250e+03 4.524532452498286148e+03 2.716920609882230497e+00
1.950098815917968750e+03 4.521463084776318283e+03 2.713715287192565384e+00
1.950119628906250000e+03 4.521246454455869753e+03 2.713276845904817325e+00
1.950140441894531250e+03 4.525025102146082645e+03 2.713674345574078828e+00
1.950161315917968750e+03 4.518638815727782458e+03 2.712623357824450299e+00
1.950182128906250000e+03 4.527668097815736473e+03 2.707023147196567336e+00
1.950202941894531250e+03 4.525293567515335781e+03 2.709588058524655896e+00
1.950223815917968750e+03 4.522218893345499055e+03 2.708033784782365672e+00
1.950244628906250000e+03 4.526437194802158956e+03 2.706809735283158158e+00
1.950265441894531250e+03 4.521510885806830629e+03 2.709491267014048077e+00
1.950286315917968750e+03 4.527647594835157179e+03 2.716268788398684464e+00
1.950307128906250000e+03 4.526793263174131425e+03 2.715091919019160027e+00
1.950327941894531250e+03 4.524616292851189428e+03 2.708934560701420580e+00
1.950348815917968750e+03 4.520803850093732763e+03 2.708671568266239227e+00
1.950369628906250000e+03 4.524094578440945952e+03 2.707363355997888021e+00
1.950390441894531250e+03 4.524644568779992369e+03 2.707151644232702825e+00
1.950411315917968750e+03 4.526628578064709473e+03 2.707632287087982537e+00
1.950432128906250000e+03 4.522216532222130809e+03 2.713267355811090464e+00
1.950452941894531250e+03 4.525068536346262590e+03 2.705785511496137108e+00
1.950473815917968750e+03 4.521133824848669065e+03 2.714226917476135092e+00
1.950494628906250000e+03 4.523748924013111719e+03 2.705599319431302607e+00
1.950515441894531250e+03 4.526143506008049371e+03 2.707727472078627962e+00
1.950536315917968750e+03 4.529066015213509672e+03 2.705634831732080858e+00
1.950557128906250000e+03 4.522354455487980886e+03 2.706227985671367797e+00
1.950577941894531250e+03 4.525594863963138778e+03 2.702503640086839187e+00
1.950598815917968750e+03 4.525165431028682178e+03 2.710493771518967421e+00
1.950619628906250000e+03 4.521111749324637458e+03 2.700266390480636769e+00
1.950640441894531250e+03 4.531518124576451555e+03 2.702496053038192958e+00
1.950661315917968750e+03 4.526613945961444188e+03 2.715952431415302293e+00
1.950682128906250000e+03 4.525385721846024353e+03 2.709149829347126115e+00
1.950702941894531250e+03 4.526187074268673314e+03 2.702753295038289760e+00
1.950723815917968750e+03 4.525257599794093949e+03 2.703408728025220142e+00
1.950744628906250000e+03 4.527416504265042931e+03 2.699254522900838893e+00
1.950765441894531250e+03 4.524941861485911431e+03 2.704086750027144159e+00
1.950786315917968750e+03 4.532393077406555676e+03 2.702611885542526959e+00
1.950807128906250000e+03 4.527364201171778404e+03 2.699889170173376485e+00
1.950827941894531250e+03 4.526995654362874120e+03 2.701222185506255702e+00
1.950848815917968750e+03 4.526468772305666789e+03 2.700172178641858878e+00
1.950869628906250000e+03 4.524724487208649407e+03 2.700562955306491375e+00
1.950890441894531250e+03 4.533637875199438895e+03 2.699362545351238651e+00
1.950911315917968750e+03 4.527478815752975606e+03 2.699603305920775131e+00
1.950932128906250000e+03 4.528534663343064494e+03 2.700576992548422872e+00
1.950952941894531250e+03 4.528777272244435153e+03 2.705758372134822842e+00
1.950973815917968750e+03 4.520297247813068680e+03 2.697532380964146714e+00
1.950994628906250000e+03 4.526677268762648055e+03 2.700757527929971591e+00
1.951015441894531250e+03 4.526846213887053636e+03 2.702115526402170786e+00
1.951036315917968750e+03 4.519905457153543466e+03 2.713902943016302860e+00
1.951057128906250000e+03 4.523428132986130549e+03 2.708100783316621296e+00
1.951077941894531250e+03 4.524269998013754957e+03 2.701394822855895939e+00
1.951098815917968750e+03 4.522862282153333581e+03 2.708743832118639450e+00
1.951119628906250000e+03 4.523774128900615324e+03 2.709577323636680024e+00
1.951140441894531250e+03 4.524014596145277210e+03 2.705569975168531371e+00
1.951161315917968750e+03 4.521451218944682296e+03 2.694420796931823237e+00
1.951182128906250000e+03 4.519729898251423947e+03 2.694578208967623123e+00
1.951202941894531250e+03 4.525383270884333797e+03 2.714884322707166842e+00
1.951223815917968750e+03 4.521110575989429890e+03 2.699236415689297175e+00
1.951244628906250000e+03 4.523683816506891162e+03 2.696884360357950428e+00
1.951265441894531250e+03 4.524316441099191252e+03 2.694793739706351943e+00
1.951286315917968750e+03 4.522086725553093856e+03 2.694001694535003377e+00
1.951307128906250000e+03 4.523617469726525997e+03 2.699628564222423588e+00
1.951327941894531250e+03 4.525470093646822534e+03 2.694553876623114963e+00
1.951348815917968750e+03 4.523720652059896565e+03 2.692589487272921911e+00
1.951369628906250000e+03 4.522935593038640945e+03 2.696915390401752877e+00
1.951390441894531250e+03 4.520181505515531171e+03 2.694760561835915613e+00
1.951411315917968750e+03 4.521606176511898411e+03 2.694397967441317654e+00
1.951432128906250000e+03 4.521476056633069675e+03 2.693467899429348833e+00
1.951452941894531250e+03 4.526516199159609641e+03 2.692903985024084346e+00
1.951473815917968750e+03 4.522377899663417338e+03 2.701323774566885216e+00
1.951494628906250000e+03 4.522266766003403973e+03 2.697165032236738202e+00
1.951515441894531250e+03 4.523924254704453233e+03 2.692561417979821403e+00
1.951536315917968750e+03 4.528637904534589325e+03 2.690442536975894416e+00
1.951557128906250000e+03 4.520280620002972682e+03 2.692384495006501677e+00
1.951577941894531250e+03 4.525435734118841538e+03 2.696578018969622903e+00
1.951598815917968750e+03 4.522972071234911709e+03 2.695440759233199035e+00
1.951619628906250000e+03 4.522899992817735438e+03 2.691119218865356100e+00
1.951640441894531250e+03 4.519257895399478912e+03 2.687981584559664405e+00
1.951661315917968750e+03 4.520147474703874650e+03 2.688032851512295984e+00
1.951682128906250000e+03 4.524409172050375673e+03 2.691813002191929982e+00
1.951702941894531250e+03 4.524273461932627470e+03 2.687441625626481034e+00
1.951723815917968750e+03 4.518688368369056661e+03 2.693990720538928407e+00
1.951744628906250000e+03 4.519717151014428964e+03 2.687785643545521630e+00
1.951765441894531250e+03 4.519072588124157846e+03 2.701261021045689326e+00
1.951786315917968750e+03 4.516298858247200769e+03 2.686871033634755435e+00
1.951807128906250000e+03 4.519747634127255878e+03 2.688877817092603539e+00
1.951827941894531250e+03 4.522682643491911222e+03 2.685978658470645097e+00
1.951848815917968750e+03 4.519241329733685234e+03 2.700991367313581470e+00
1.951869628906250000e+03 4.520875504606888171e+03 2.692189937154294554e+00
1.951890441894531250e+03 4.517459028116497393e+03 2.688017329614271755e+00
1.951911315917968750e+03 4.523881273729238274e+03 2.684880243965916069e+00
1.951932128906250000e+03 4.515008883648892152e+03 2.685009978291814647e+00
1.951952941894531250e+03 4.520919197203590556e+03 2.692449580635205564e+00
1.951973815917968750e+03 4.512912652662332221e+03 2.683839567383976554e+00
1.951994628906250000e+03 4.517740964807295313e+03 2.692225449217669819e+00
1.952015441894531250e+03 4.514181253136836858e+03 2.683810429383550744e+00
1.952036315917968750e+03 4.519119892695603994e+03 2.696452643251834314e+00
1.952057128906250000e+03 4.514184074328418319e+03 2.687705719637079937e+00
1.952077941894531250e+03 4.522174529730667018e+03 2.686195411748761419e+00
1.952098815917968750e+03 4.515322558546399705e+03 2.690219656332249354e+00
1.952119628906250000e+03 4.519071490714275569e+03 2.684641626548017523e+00
1.952140441894531250e+03 4.513589064581180537e+03 2.683780669209002490e+00
1.952161315917968750e+03 4.517522716199207935e+03 2.686208015209649247e+00
1.952182128906250000e+03 4.517701635941378299e+03 2.692750902165304439e+00
1.952202941894531250e+03 4.520394907399408112e+03 2.683951852329653498e+00
1.952223815917968750e+03 4.515071474891485195e+03 2.684379362695632487e+00
1.952244628906250000e+03 4.517088451388374779e+03 2.683551815765887305e+00
1.952265441894531250e+03 4.514850642171754771e+03 2.682986261498263580e+00
1.952286315917968750e+03 4.517321617635367147e+03 2.700655917569159570e+00
1.952307128906250000e+03 4.513231434286867625e+03 2.683284291911134822e+00
1.952327941894531250e+03 4.515410913938302656e+03 2.684082253317141120e+00
1.952348815917968750e+03 4.517238234597152768e+03 2.685525212980817145e+00
1.952369628906250000e+03 4.510958686517458773e+03 2.686801908447896459e+00
1.952390441894531250e+03 4.518132273640011590e+03 2.692129361880411853e+00
1.952411315917968750e+03 4.513268779456049742e+03 2.683216851432989269e+00
1.952432128906250000e+03 4.515148506231495048e+03 2.684614895103162979e+00
1.952452941894531250e+03 4.517791734808470210e+03 2.686370168547997928e+00
1.952473815917968750e+03 4.512503398190921871e+03 2.682835367646288827e+00
1.952494628906250000e+03 4.512608360198372793e+03 2.684323762664476920e+00
1.952515441894531250e+03 4.515949389387954398e+03 2.696858899542530441e+00
1.952536315917968750e+03 4.512095362281414964e+03 2.684578394261889489e+00
1.952557128906250000e+03 4.515467337990080523e+03 2.685071957297054723e+00
1.952577941894531250e+03 4.512307531819960786e+03 2.684343835652007293e+00
1.952598815917968750e+03 4.513856006417589924e+03 2.683196770014493637e+00
1.952619628906250000e+03 4.510258278024995889e+03 2.693574914751883487e+00
1.952640441894531250e+03 4.513543221152756814e+03 2.688398166764730757e+00
1.952661315917968750e+03 4.512965040946539375e+03 2.686074522028498279e+00
1.952682128906250000e+03 4.511568723275311640e+03 2.694818777668791299e+00
1.952702941894531250e+03 4.509815872913472049e+03 2.689848915735536750e+00
1.952723815917968750e+03 4.512160939173219958e+03 2.683547995453516855e+00
1.952744628906250000e+03 4.509528795481546695e+03 2.691020256899002039e+00
1.952765441894531250e+03 4.511500319101141031e+03 2.683119997188259109e+00
1.952786315917968750e+03 4.509750028017124350e+03 2.686251150550791333e+00
1.952807128906250000e+03 4.512584113295618408e+03 2.688301587880102872e+00
1.952827941894531250e+03 4.515084988233579679e+03 2.698422879089434012e+00
1.952848815917968750e+03 4.513748688778196993e+03 2.688575529417087218e+00
1.952869628906250000e+03 4.513380019014657591e+03 2.688230725683582012e+00
1.952890441894531250e+03 4.506757548699855761e+03 2.687299499129648606e+00
1.952911315917968750e+03 4.517139699665104672e+03 2.694337618786853294e+00
1.952932128906250000e+03 4.509430451155642913e+03 2.682771204084607675e+00
1.952952941894531250e+03 4.506022263295237281e+03 2.683049709028773044e+00
1.952973815917968750e+03 4.506534360723448117e+03 2.685166610151720423e+00
1.952994628906250000e+03 4.512059268172850352e+03 2.691926460208225791e+00
1.953015441894531250e+03 4.509619343106751330e+03 2.691711231331242793e+00
1.953036315917968750e+03 4.507092330930846401e+03 2.699881752391795509e+00
1.953057128906250000e+03 4.512237205267479112e+03 2.681767226618237299e+00
1.953077941894531250e+03 4.509664080497702344e+03 2.688392845704375755e+00
1.953098815917968750e+03 4.505002288586936629e+03 2.683506238196258220e+00
1.953119628906250000e+03 4.508260780656325551e+03 2.686516071560467456e+00
1.953140441894531250e+03 4.508463642503839765e+03 2.682918280336246575e+00
1.953161315917968750e+03 4.506238295557732272e+03 2.688682828141280901e+00
1.953182128906250000e+03 4.510405386134654691e+03 2.686736863483711879e+00
1.953202941894531250e+03 4.503285806542326100e+03 2.681487521519346107e+00
1.953223815917968750e+03 4.508480184882412686e+03 2.688232676857931214e+00
1.953244628906250000e+03 4.507645158717215054e+03 2.683820023638136210e+00
1.953265441894531250e+03 4.510572573455450765e+03 2.684062977820880214e+00
1.953286315917968750e+03 4.508486746449439124e+03 2.682040235469354883e+00
1.953307128906250000e+03 4.504713860709806795e+03 2.683602367759316376e+00
1.953327941894531250e+03 4.505432170267222318e+03 2.684239649885300061e+00
1.953348815917968750e+03 4.504154260058636282e+03 2.689998175326157259e+00
1.953369628906250000e+03 4.506040243124614790e+03 2.682840344257305443e+00
1.953390441894531250e+03 4.501657929917430920e+03 2.683589663217866850e+00
1.953411315917968750e+03 4.504525614094944103e+03 2.689715869178225915e+00
1.953432128906250000e+03 4.507713656990471463e+03 2.683092628566296156e+00
1.953452941894531250e+03 4.505753524041097080e+03 2.692920718250259693e+00
1.953473815917968750e+03 4.505421498926440108e+03 2.683764234344301336e+00
1.953494628906250000e+03 4.504265466587494302e+03 2.681533311223345706e+00
1.953515441894531250e+03 4.504585574155015820e+03 2.685155156090663020e+00
1.953536315917968750e+03 4.504395178263980597e+03 2.682575682383915527e+00
1.953557128906250000e+03 4.502056130246785870e+03 2.684937253250817335e+00
1.953577941894531250e+03 4.507726712391866386e+03 2.685231693152500654e+00
1.953598815917968750e+03 4.508971995738031183e+03 2.687228433062351485e+00
1.953619628906250000e+03 4.501171302917270623e+03 2.686959944289831981e+00
1.953640441894531250e+03 4.505698769626561443e+03 2.683800479749975931e+00
1.953661315917968750e+03 4.503980216627857772e+03 2.681817278839805585e+00
1.953682128906250000e+03 4.503432642909460810e+03 2.686961186533633583e+00
1.953702941894531250e+03 4.504040124824127815e+03 2.687030041434780525e+00
1.953723815917968750e+03 4.505877011451810176e+03 2.689666229869532632e+00
1.953744628906250000e+03 4.502891850985795827e+03 2.682847986891963910e+00
1.953765441894531250e+03 4.503049026637654606e+03 2.680408703257360248e+00
1.953786315917968750e+03 4.506224779088321156e+03 2.683048731557189814e+00
1.953807128906250000e+03 4.502698363697962122e+03 2.683195792596483553e+00
1.953827941894531250e+03 4.497577439700629839e+03 2.679851293423667347e+00
1.953848815917968750e+03 4.498139850148134428e+03 2.686597362015677781e+00
1.953869628906250000e+03 4.503729280460837799e+03 2.683170113032110837e+00
1.953890441894531250e+03 4.504602380173362690e+03 2.685270316015589298e+00
1.953911315917968750e+03 4.504929445213981126e+03 2.680253750331899720e+00
1.953932128906250000e+03 4.501071245699128667e+03 2.680703373744087070e+00
1.953952941894531250e+03 4.497915869725229641e+03 2.680400164178963429e+00
1.953973815917968750e+03 4.503278408088834112e+03 2.681292795404392137e+00
1.953994628906250000e+03 4.502149426244875940e+03 2.682115350255315889e+00
1.954015441894531250e+03 4.502550152494353824e+03 2.682200685211132640e+00
1.954036315917968750e+03 4.503136561726485525e+03 2.683644034679451451e+00
1.954057128906250000e+03 4.497926091336034006e+03 2.682858739864327102e+00
1.954077941894531250e+03 4.497337051300642997e+03 2.683352974608508745e+00
1.954098815917968750e+03 4.500666268757368016e+03 2.682983417876332322e+00
1.954119628906250000e+03 4.498868666073109125e+03 2.687067307526821658e+00
1.954140441894531250e+03 4.501024960819399894e+03 2.682221396306601058e+00
1.954161315917968750e+03 4.500722021828632933e+03 2.683344356048247725e+00
1.954182128906250000e+03 4.502201831286068227e+03 2.680663350978958359e+00
1.954202941894531250e+03 4.505579085585618486e+03 2.687381741782904232e+00
1.954223815917968750e+03 4.500849369465456220e+03 2.682014722631497872e+00
1.954244628906250000e+03 4.499199066725740522e+03 2.687382185371836041e+00
1.954265441894531250e+03 4.497552934670450668e+03 2.682681354745403368e+00
1.954286315917968750e+03 4.501489681551114700e+03 2.687244403128829173e+00
1.954307128906250000e+03 4.499591824402295060e+03 2.680201533981418471e+00
1.954327941894531250e+03 4.494539702447012132e+03 2.685274577814726449e+00
1.954348815917968750e+03 4.499434539796218814e+03 2.690505542828107721e+00
1.954369628906250000e+03 4.500961657185763215e+03 2.684907949563976270e+00
1.954390441894531250e+03 4.491967483836307110e+03 2.683853603259091170e+00
1.954411315917968750e+03 4.500295238220138344e+03 2.680342168885059717e+00
1.954432128906250000e+03 4.496598328740220495e+03 2.691797767808406405e+00
1.954452941894531250e+03 4.495049263461014561e+03 2.688020434001046954e+00
1.954473815917968750e+03 4.495640604044441716e+03 2.680004401416864912e+00
1.954494628906250000e+03 4.493150959501608668e+03 2.679465059440175434e+00
1.954515441894531250e+03 4.494409791537818819e+03 2.690010583707842073e+00
1.954536315917968750e+03 4.493969653258791368e+03 2.680521754533224943e+00
1.954557128906250000e+03 4.490917442022099749e+03 2.688620577667428790e+00
1.954577941894531250e+03 4.495460055956614269e+03 2.686980707432235604e+00
1.954598815917968750e+03 4.495576536054488315e+03 2.679832699236733617e+00
1.954619628906250000e+03 4.493784584117550366e+03 2.678682811782711948e+00
1.954640441894531250e+03 4.497015771620832311e+03 2.681449644396584731e+00
1.954661315917968750e+03 4.495508404892574617e+03 2.682753341102527944e+00
1.954682128906250000e+03 4.499382539539999925e+03 2.686623541278395866e+00
1.954702941894531250e+03 4.494605672552663236e+03 2.679710365842903563e+00
1.954723815917968750e+03 4.499631846506803413e+03 2.689303125923254267e+00
1.954744628906250000e+03 4.499943067780788624e+03 2.679782876855855367e+00
1.954765441894531250e+03 4.500076315241195516e+03 2.684721020034263717e+00
1.954786315917968750e+03 4.494930216882174136e+03 2.683469811122042081e+00
1.954807128906250000e+03 4.490506604383619560e+03 2.681907868318363697e+00
1.954827941894531250e+03 4.491652804221166662e+03 2.690194841440320062e+00
1.954848815917968750e+03 4.489571218770845007e+03 2.682506357631633254e+00
1.954869628906250000e+03 4.492347777484998915e+03 2.683734917849273760e+00
